"rid","pid","elevation.min","WS_ID","ws_mi60_mean","ws_accum_precip_mean","ws_10.min.storm.accum_mean","ws_30.min.storm.accum_mean","ws_60.min.storm.accum_mean","ws_sbs_mean","ws_dnbr.BAER_mean","ws_dnbr.extended_mean","ws_flow.accum_max","ws_slope_mean","ws_aspect.northness_mean","ws_aspect.eastness_mean","ws_slope.northness_mean","ws_slope.eastness_mean","ws_bare.earth_mean","ws_ndvi.max_mean","ws_ndvi.mean_mean","ws_ndvi.min_mean","ws_ndvi.range_mean","ws_RV.Sand","ws_RV.Silt","ws_RV.Clay","ws_Kw","ch_elevation.min","ch_watershed","ch_valley_width","ch_area","ch_channel_width","ch_channel.width.over.valley.width","ch_ch_area","ch_elevation.mean","ch_slope.median","ch_flow.accumulation.max","ch_curvature.median","ch_sfm.erosion.mean","ch_sfm.resolution","ch_sfm.erosion.count","ch_sfm.erosion.sum","ch_sfm.deposition.mean","ch_sfm.deposition.count","ch_sfm.deposition.sum","ch_sfm.net.change","ch_sfm.net.change.norm","ch_distance.upstream","ch_distance.downstream","ch_slope.upstream","ch_slope.downstream","ch_central.slope.difference","ch_slope.over.width","ch_change.in.slope.over.width","ch_stream.power","ch_slope.over.width.central.diff","ch_stream.power.central.diff","hs_area","hs_hillslope.length","hs_flow.accumulation.max","hs_elevation.range","hs_mi60.mean","hs_accum.precip.mean","hs_storm.accum.10.min.mean","hs_storm.accum.30.min.mean","hs_storm.accum.60.min.mean","hs_slope.median","hs_aspect.northness.median","hs_aspect.eastness.median","hs_slope.northness.median","hs_slope.eastness.median","hs_curvature.median","hs_bare.earth.mean","hs_ndvi.max.mean","hs_ndvi.mean.mean","hs_ndvi.min.mean","hs_ndvi.range.mean","hs_dnbr.BAER.median","hs_extended.dnbr.median","hs_drainage_density","ch_sfm.net.change.count","ch_sfm.erosion.norm","ch_sfm.deposition.norm","ratio","snapdist","upDist","afv_flow_accum","locID","netID","netgeom","X","Y"
15,1,0.683337354092824,352,1,1,0.17072214580468,0.160394613030368,0.158844019730788,-0.729033721845774,-0.801165588523342,-0.697625629521626,-1.17448421424397,-1.12447199956531,-0.542220921100011,1.10898195911827,-1.12447199956531,-1.12447199956531,-0.882804786792259,0.949472305279765,1.05549437227404,1.23519022773241,0.982577948645757,2.09677419354838,-4.4987775061124,-5.29126213592197,2.00680272108845,0.683337354092824,0,1.07432393270083,4.19230125601559,4.3152662641312,-0.505401498267781,5.25243741889844,0.680995710027209,0.649106330136256,-1.16783480828427,-0.412057600254232,1.66588020760319,0.0399851093800356,3137.0000000001,8.35516174352434,1.13300467238544,1656.0000000001,2.99977449191507,11.3549362353394,0.328659199530712,5.63882617032255,-3.63855694658366,0.126053409869934,-0.564867164996513,-0.878524405469965,-0.242507102089214,-0.53398180388277,-1.21479784799135,-0.647685266800049,-0.119258490385408,2.32488536445914,1.40639944106254,-0.216686293174854,2.14697913347431,1.03846169364526,1.45597282987869,0.443588814813378,0.430380117412032,0.430303365976807,-0.332008673637438,-0.0907462450894966,0.260483789535748,-0.311333773450474,-0.311333773450474,-0.00435246119744609,-0.00429382160830927,0.0102355695422293,0.0413643096105718,0.636163844100417,-0.128305162207796,-0.884371291880829,-1.67819356934218,1.93086349359869,3137.0000000001,0.241833217978442,0.0868259814522704,0.00545475070673374,1.47030500147957,3154.09398251114,0.0625,1,2,"SNETWORK (2 15 3154.09398251114 0.00545475070673374 1 1)",453246.5,4499863.10695328
15,2,0.69504333141574,354,1,1,0.17072214580468,0.160394613030368,0.158844019730788,-0.106099098256223,-0.327547404084483,0.570389749532257,-1.17898932480102,-1.33784355937377,0.687038752382815,0.164632784849814,-1.33784355937377,-1.33784355937377,-1.08714326311608,0.805592752166799,0.934533262868132,-0.12673769444893,1.01193677823084,4.73118279569892,-10.2730236348817,-10.9708737864069,5.17573696145128,0.69504333141574,0,1.3365897426385,0.409695346348729,0.410004612236118,-0.649877870254402,0.411456964584694,0.694231797670235,-0.116957156235935,-1.16916942882216,0.989470879161349,6.68862245151006,0.0399851093800356,246.0000000001,2.63068206522743,1.30931149117037,132.0000000001,0.276320741337652,2.90700280646508,0.130581861085553,0.986779517852975,9.00078198895657,-0.719200797267818,0.135923719250271,1.04397481357905,-0.0917488353389544,1.00368764331291,-1.0873590360897,0.388590567677484,0.203864485985247,0.453728611269808,0.375949933666115,0.0395130710694937,0.568423085464886,0.999999999999999,0.999999999999998,3.06473152409782e-15,0,0,0.474125513550851,0.858296275471619,-2.2948089343616,0.569221254429393,0.569221254429393,-0.717804955950571,0,-0.812526614180139,-0.870903366930746,-2.0928354136537,-0.313712516417555,1.07710558710808,0.548702371658572,-7.98903544363340e-11,246.0000000001,0.118169600309122,0.0124122606764311,0.026202984539543,1.49817638947076,3168.57565745928,0.0625,2,2,"SNETWORK (2 15 3168.57565745928 0.026202984539543 2 2)",453245.760158031,4499849.76015803
15,3,0.718150945497059,358,1,1,0.17072214580468,0.160394613030368,0.158844019730788,-0.136125648791608,-0.38124651146908,0.522144883319954,-1.18679495965792,-1.37390050195373,0.651446815619579,0.285752134893887,-1.37390050195373,-1.37390050195373,-1.12278847493989,0.81710328112852,0.947426070700418,-0.0503078548834857,1.01434279954279,4.73118279569892,-10.2730236348817,-10.9708737864069,5.17573696145128,0.718150945497059,0,1.54746717709388,-1.25427503083477,-1.23702404088957,-0.696723178725044,-1.14832338062006,0.71420934401951,-0.880982469820595,-1.18129606715777,1.06303924988592,8.98197133167532,0.0399851093800356,317.0000000001,4.55226464103076,1.09675180612772,1195.0000000001,2.09542845969732,6.64769310062808,0.363204521640856,0.2950384492669,-0.524164519373332,-1.2419257648372,-0.303639147147381,1.34829261177405,-0.64296772785459,1.57101201671577,-1.59206048593206,1.19827747285496,0.635177339292413,1.54543879296268,0.776565618415127,0.0389812847244803,0.841327501134575,0.999999999999999,0.999999999999996,0,-3.06359752825323e-15,0,-0.000138931988247377,0.380870430223838,-2.28610415670153,-0.000143880643576155,-0.000143880643576155,-0.533463192521149,-0.000491288665201761,-0.97801584262842,-0.956450267761793,-1.26945884424948,-0.672299653350788,-0.330185053439709,-0.71054625921378,1.0016212803792,1195.0000000001,0.248718326167204,0.114486195373652,0.0566967023173414,1.61522404627977,3189.85940201204,0.0625,3,2,"SNETWORK (2 15 3189.85940201204 0.0566967023173414 3 3)",453235.660025397,4499832.6600254
15,4,0.746807207675321,366,1,1,0.17072214580468,0.160394613030368,0.158844019730788,-0.231259564388294,-0.494289949770385,0.459970545568065,-1.24536770363394,-1.54244097688518,0.613371040291295,1.3315896758074,-1.54244097688518,-1.54244097688518,-1.37304803985072,0.955643702103073,1.09041022342267,0.325917930656562,1.1227053506266,8.46774193548389,-18.3053178484105,-20.2791262135906,8.83290816326535,0.746807207675321,0,1.60095761939883,4.76142028776205,4.91920308405185,-0.639338394273206,6.1752589354103,0.741322357436286,-1.43224377215907,-1.23937088749128,0.840869858192869,0.0363901045938948,0.0399851093800356,429.0000000001,0.0249595741411298,0.0771244895671161,19069.0000000001,2.35134738270779,2.37630695674892,0.0644132717738111,0.55070632349533,-0.0340894489043695,-1.32517817333709,-1.2711510886488,0.177786347374888,-2.26991453284666,0.113239137984422,-3.70124035767869,0.100543550520483,0.038618313116321,1.97731973962788,1.33323367589608,-0.430171742353924,1.95998184679857,1.03846169364526,1.45597282987869,0.443588814813378,0.430380117412029,0.430303365976807,-0.822175272613183,0.0399780452934709,0.322517735908242,-0.669947907356995,-0.669947907356995,-0.044795936341357,-0.00439028760863724,0.201695245448384,0.23912994562809,0.661843874628985,0.0575118031625038,-0.697306736538962,-1.07294558617678,2.06143608950984,19069.0000000001,0.000676565718530374,0.0637367059552808,0.128982021724741,1.66025082842092,3240.31249154321,0.0625,4,2,"SNETWORK (2 15 3240.31249154321 0.128982021724741 4 4)",453198.166453937,4499808.83354606
16,5,0.419732183866238,288,0,0,0.17072214580468,0.160394613030368,0.158844019730788,-0.675287714886778,-0.643749125911637,-0.669879655835194,-0.522296408104574,-0.483842760773234,-0.830668704759943,0.912078015925556,-0.483842760773234,-0.483842760773234,-0.257963786210473,0.74183293402001,0.835556761608164,1.1249118505747,0.753895271746889,0,0,0,0,0.419732183866238,0,0.0557936746576147,6.14683231405624,6.40443201892305,0.467590761542888,8.68392044319513,0.417939008943919,-0.217163706990344,-0.278946151826683,0.231256441073631,0.108166884641251,0.0399851093800356,1371.0000000001,0.23709825122397,0.101441344789842,8138.0000000001,1.31986422560229,1.55696247672626,0.0359916043552019,-0.283061647932756,-1.1455431275497,0.131503027724406,-0.252579641042618,-0.51054661421882,-1.18279542612547,-0.239991653712721,-1.27801302436055,-0.183381495436096,-0.0578049833872048,-0.394219227975551,-0.446594477834675,0.107238033435204,-0.28745401349903,0.999999999999999,0.999999999999998,0,0,0,-0.0837847209255933,-0.203595617451698,0.133728272647517,-0.0845973678784795,-0.0845973678784795,1.46885227060016,0,0.929380045167464,0.923757407654884,1.51995537698879,0.585690734291555,-0.415067888214709,0.887506112186168,-7.98903544363340e-11,8138.0000000001,0.00548089408201122,0.0305107101731906,0.00581931984313855,1.36412858671168,2794.19738442525,0.0625,5,2,"SNETWORK (2 16 2794.19738442525 0.00581931984313855 5 5)",453468.026158162,4500087.02615816
16,6,0.420567112661681,289,0,0,0.17072214580468,0.160394613030368,0.158844019730788,-0.675287714886778,-0.643749125911637,-0.669879655835194,-0.522788333382386,-0.48445930301635,-0.830028082386891,0.91150697849285,-0.48445930301635,-0.48445930301635,-0.259132076549716,0.74081341520017,0.834565750895715,1.1222574781034,0.753079546122312,0,0,0,0,0.420567112661681,0,0.280590881369045,5.59415723852063,5.80948601455462,0.126257204881765,7.63621295906683,0.421378099967887,0.135935744387758,-0.520255167732306,-0.495722900591897,0.234864924313674,0.0399851093800356,1616.0000000001,0.606814700349561,0.0957829205849179,5238.0000000001,0.802139944380272,1.40895464462983,0.0347035214379667,-0.269458265437342,-0.296085610852868,0.75409478790325,-0.220238833444882,-1.33370466449333,-0.835499167196362,-0.690482781421153,-1.10604486221934,-0.786013544703034,-0.586281434621503,-0.929975633510541,-0.819360904359154,0.00649018372879797,-0.401834632059712,0.999999999999999,0.999999999999998,0,3.06359752825323e-15,0,-0.356790127600026,0.51268727642176,-1.49407050067586,-0.332145753142435,-0.332145753142435,0.17832184795161,0,0.360899663490722,0.585378526108575,0.52198622077484,0.249768220272183,0.598115309203464,1.16326309420754,-7.98903544363340e-11,5238.0000000001,0.0149462631604652,0.0197572581775016,0.0217950942005499,0.490917166300025,2799.91948607672,0.0625,6,2,"SNETWORK (2 16 2799.91948607672 0.0217950942005499 6 6)",453466.101341625,4500082.10134163
16,7,0.426876612169911,290,0,0,0.17072214580468,0.160394613030368,0.158844019730788,-0.675287714886778,-0.643749125911637,-0.669879655835194,-0.522929183782443,-0.484510990346257,-0.830385770702435,0.912489043205861,-0.484510990346257,-0.484510990346257,-0.259471700954188,0.740649035516659,0.83434645845943,1.1217688845078,0.752958083646914,0,0,0,0,0.426876612169911,0,-0.231085696097874,4.99329815870478,5.16633609413739,0.829481174273061,6.5684591995476,0.42558797032352,0.774354984749539,-0.520650533377542,-0.560934709741706,0.107054559908028,0.0399851093800356,171.0000000001,0.0292683241682404,0.121744631816798,7123.0000000001,1.38646636801859,1.41573469208683,0.0373647377811476,-0.270288959143306,-0.282675740226602,1.20575730560095,0.141650993499436,-1.48395647034626,-0.316495513199102,-0.826281662550098,-0.627161199735328,-0.98231193238883,-0.859781193177957,1.12490004929108,0.647538819775281,0.00789233030369888,1.14586869828027,0.985388511054006,0.985388491672354,0,0,-3.18349622404139e-15,0.108442378537303,-0.28891217157323,1.00266452582265,0.116099079101698,0.116099079101698,0,-0.00107577239737278,-0.491025256641586,-0.50107357781104,0.381975564271814,-0.571020762706535,-0.519410537452602,-1.31592445841557,1.26624816882826,7123.0000000001,0.000772463412365683,0.0365922742687819,0.0361475477335463,1.02319663732341,2805.06015695918,0.0625,7,2,"SNETWORK (2 16 2805.06015695918 0.0361475477335463 7 7)",453463.173445166,4500078.17344517
16,8,0.427561378440069,291,0,0,0.17072214580468,0.160394613030368,0.158844019730788,-0.709386853209595,-0.655541897101656,-0.626209493802658,-0.541803137390105,-0.520890741454049,-0.786836501594623,0.799118633522439,-0.520890741454049,-0.520890741454049,-0.293045191551576,0.755202543450305,0.851891569353198,1.10051490509633,0.773219794764443,0,0,0,0,0.427561378440069,0,-0.316317430862367,4.34894652139478,4.48111561662025,0.923537320680245,5.50059157754476,0.429302209876267,1.23749963248086,-0.538996336069166,-0.204470191803509,0.103623009881811,0.0399851093800356,905.0000000001,0.149934424321607,0.127834509352038,6271.0000000001,1.28168553798402,1.43161996220563,0.0406951426559808,-0.35748555430358,-0.283494617085412,1.01688992731589,0.795963617069762,-0.346369369829721,0.0708342528817453,-0.200765598666129,-0.312350124633629,-0.497038258044886,-0.439143120485364,-0.028786888604511,0.0188680679306336,0.105568475210599,0.127671079439568,0.532857608625164,0.532857013563467,0,0,0,0.412143955637796,0.838390127862546,-1.39355100494288,0.485151131760123,0.485151131760123,1.7167920645534,0,-0.255748637646501,0,0.120942389740159,-0.27417390955102,0.561137310141933,-0.0402033229918824,-7.98903544363340e-11,6271.0000000001,0.00426202688510499,0.0364331156708758,0.0522872670321362,2.28912263556347,2810.84097937107,0.0625,8,2,"SNETWORK (2 16 2810.84097937107 0.0522872670321362 8 8)",453459.5,4500074.5
16,9,0.440330692003637,293,0,0,0.17072214580468,0.160394613030368,0.158844019730788,-0.709386853209595,-0.655541897101656,-0.635799697301411,-0.543884359719308,-0.527022535343307,-0.795118229566184,0.812560543238112,-0.527022535343307,-0.527022535343307,-0.296906047812995,0.754802988780931,0.850576353635873,1.0982508322612,0.773077614356011,0,0,0,0,0.440330692003637,0,-0.30477309389875,2.83342880598612,2.88935384284609,0.731722756249484,3.27319015805255,0.442231900865446,0.628774604864427,-0.541353886768534,0.915180409442424,0.102804682661471,0.0399851093800356,964.0000000001,0.158447906405234,0.149199000843119,7212.0000000001,1.72035552726163,1.87880343356687,0.0636331252720344,-0.690140196492747,-0.275237419075395,0.768598581271072,1.07214808999182,0.373097783749524,0.00794930453289225,0.27700103815783,-0.36652064198758,-0.379136463198891,-0.344269946532503,0.845196568980936,0.450309058410786,0.104813588916254,0.660656798277377,0.999999999999998,0.999999999999996,-3.06473152409782e-15,-3.06359752825323e-15,0,0.430734378037569,-0.175230252568975,1.71587626815433,0.510034557418383,0.510034557418383,-0.0877629353723532,-0.000646411335412322,0.119411187240836,0.201805532831851,1.09618747445497,-0.12662463359997,-0.814147180943517,-0.984329277468146,0.777043724836971,7212.0000000001,0.00536646637725317,0.0582666587947813,0.0843535033282143,2.61340509481119,2822.32626074531,0.0625,9,2,"SNETWORK (2 16 2822.32626074531 0.0843535033282143 9 9)",453453.5,4500065.5
16,10,0.443826897025257,294,0,0,0.17072214580468,0.160394613030368,0.158844019730788,-0.700999434485639,-0.649276772896741,-0.627836525284164,-0.553214122039514,-0.556793548625691,-0.778972412827002,0.725101667224159,-0.556793548625691,-0.556793548625691,-0.317218750130879,0.749664278437812,0.844588580115577,1.05978246475156,0.772643940136078,0,0,0,0,0.443826897025257,0,-0.341712108721682,1.42269271403212,1.43548320810949,0.650313720429357,1.51376830721403,0.444395642380056,0.789227492444773,-0.549462020318447,0.658422160672704,0.0881408044893061,0.0399851093800356,542.0000000001,0.0763788071247875,0.111077012079948,8001.0000000001,1.42090497072667,1.49728377775146,0.0597484321095816,0.0950229849005479,-0.697373354747278,0.744097211747217,0.646759028171386,-0.162556582205483,0.401442428625079,-0.134552931082025,-0.0531931075889593,-0.747978957957858,-0.656230233385829,-0.111766727051772,0.130739624525945,0.00400647273724233,0.144596042988326,0.999999999999999,1,0,0,6.36699244808279e-15,0.0143900439511866,0.309299348208898,-0.672932560249269,0.0149686926172837,0.0149686926172837,0.112634074709336,-0.00178394673422066,0.801899092481494,0.895552735722579,1.2075283798581,0.531112488972397,0.375536434081282,0.0744213823375444,0.0284689001369283,8001.0000000001,0.0030478617524672,0.0567005702571144,0.100875832111429,2.43898916506441,2828.24412379855,0.0625,10,2,"SNETWORK (2 16 2828.24412379855 0.100875832111429 10 10)",453450.5,4500060.82477763
16,11,0.447855698034776,295,0,0,0.17072214580468,0.160394613030368,0.158844019730788,-0.705549396224395,-0.653530067532178,-0.640635246414113,-0.554069735663742,-0.558441216053401,-0.780392262407779,0.727824626072556,-0.558441216053401,-0.558441216053401,-0.318100602358283,0.747827737325328,0.842662265926271,1.05525759030436,0.771139852336251,0,0,0,0,0.447855698034776,0,-0.396516593454441,0.708329901287518,0.710616963565646,0.678597309664168,0.723511707541185,0.447200221245032,0.764103250975934,-0.551223384727381,0.154942341755683,0.0466560498405423,0.0399851093800356,314.0000000001,0.0234225508147009,0.0812457314918867,7604.0000000001,0.987732253433048,1.01115480414775,0.0438603240587708,-0.375421163516626,0.0766206637654415,0.114626103863274,0.811206374358254,0.93632339056291,0.535803940635411,0.870229011701183,0.0512230711913443,0.517888936764847,0.408702152389989,0.829262771446134,0.667582789190044,0.1046134591734,0.973112018771183,0.509719400023539,0.509718749682791,0,3.06359752825323e-15,3.18349622404139e-15,-0.557890972830662,0.389576657638171,-0.102252694705343,-0.489911758749716,-0.489911758749716,0.159482093499913,-0.00127843749624623,-1.12947427221121,-1.21928563581681,-0.193153531736352,-1.07604728069237,0.109025332154326,-0.281512536476031,3.27535733321552,7604.0000000001,0.00101598752058049,0.0428443364381903,0.114698457206897,1.5072637652047,2833.19502408775,0.0625,11,2,"SNETWORK (2 16 2833.19502408775 0.114698457206897 11 11)",453448.5,4500056.70230447
16,12,0.458268227958506,297,0,0,0.17072214580468,0.160394613030368,0.158844019730788,-0.726717753589399,-0.670829761382592,-0.664700321280625,-0.563147228610711,-0.558629161239789,-0.795753558854348,0.750162175322939,-0.558629161239789,-0.558629161239789,-0.333242136067612,0.765289358888845,0.863150894185666,1.05978336224849,0.791062846382461,0,0,0,0,0.458268227958506,0,-0.490667744358734,0.261822422129581,0.261695549754155,0.82275260752795,0.260763902569027,0.454822244228218,0.00872898782263263,-0.560628484944204,-0.0335940822504173,0.0598605456671038,0.0399851093800356,175.0000000001,0.0167484760488866,0.101238589190063,5017.0000000001,0.812057458652375,0.828805934601262,0.0378805990874732,-0.401830938931824,-0.391366803708289,0.0496343168452995,0.123914195430986,0.114176259981776,0.0505704115791259,0.112752738039165,-0.346924937147284,0.00656699185480952,-0.0151368930334457,0.155975327181266,0.313950264015498,0.00299035373806716,0.413545378175603,0.527846762064342,0.527846135768928,0,0,0,0.0292144226828225,0.671384178122007,-1.42333315808169,0.0305268979480186,0.0305268979480186,0.365302274475219,0,-0.858345894829143,-0.851042206064492,-0.516528034465563,-0.728682994430302,0.378100340813748,-0.223826025072634,0.0957675004168366,5017.0000000001,0.000765489573204963,0.0371151094142682,0.142487630280172,0.0303405741578899,2843.1483740524,0.0625,12,2,"SNETWORK (2 16 2843.1483740524 0.142487630280172 12 12)",453444.5,4500048.40580875
16,13,0.465793233989645,299,1,1,0.17072214580468,0.160394613030368,0.158844019730788,-0.767783612130967,-0.698330674784877,-0.68788913170827,-0.570414688804706,-0.592640403589201,-0.827745087813722,0.784960096686107,-0.592640403589201,-0.592640403589201,-0.366332896199104,0.782815656356864,0.882231440486443,1.06196417708243,0.811408907622304,0,0,0,0,0.465793233989645,0,-0.0554318522810855,-0.205303956724896,-0.204387623696035,0.0747266966597558,-0.199186148695045,0.464658379322215,-0.0289535075126245,-0.567316230805678,0.433295571097444,0.0750182725826506,0.0399851093800356,461.0000000001,0.0552922877853918,0.115621904973901,5348.0000000001,0.988617043525688,1.04390933121108,0.0504012148732095,-0.344270587183941,-0.413853890531958,-0.199729554147946,0.0556110963632444,0.373520102700927,0.111741240518779,0.385349029091627,-0.301942913923475,0.263111734468649,0.20565545637734,-0.905902052082172,-1.04293391176949,0.102447821510044,-0.445340517366241,0.999999999999999,0.999999999999998,3.06473152409782e-15,0,-3.18349622404139e-15,-0.185159428741313,0.321659628102381,0.797298934868182,-0.181351970620999,-0.181351970620999,7.61330532724263,-0.0128205128205088,1.57687945035936,1.89630700283607,2.23639964891169,1.0666989529797,0.691647586874398,0.399161745182208,-7.98903544363340e-11,5348.0000000001,0.00266957903706772,0.0477316357361418,0.173849193151247,0.125004253498804,2854.38125996344,0.0625,13,2,"SNETWORK (2 16 2854.38125996344 0.173849193151247 13 13)",453439.026080837,4500040.02608084
16,14,0.480160335516915,301,1,1,0.17072214580468,0.160394613030368,0.158844019730788,-0.780023201314264,-0.712205600957596,-0.691232781455357,-0.580799778002952,-0.595073038451197,-0.831647277506163,0.790812756531387,-0.595073038451197,-0.595073038451197,-0.367507114652197,0.782266012620797,0.881336131079371,1.05924870596796,0.811157323735121,0,0,0,0,0.480160335516915,0,-0.230178197338843,-0.661350959077842,-0.655768224052433,0.265703569987188,-0.625576795490872,0.477806087158192,1.05848684521507,-0.577537164893623,-1.07753677125554,0.113757532497132,0.0399851093800356,667.0000000001,0.121311667310558,0.11505306796221,6211.0000000001,1.14250025948561,1.26381192669616,0.064382559665427,-0.193889637626807,-0.282339679695463,1.58723003527577,-0.206457789043098,-2.48063669711745,1.02822866625049,-2.70162210867528,0.40557609328376,-2.62159757555451,-2.21298937213357,0.314536284483509,0.374388927522715,0.00182191221060502,0.677423404111507,0.999999999999999,0.999999999999998,3.06473152409782e-15,0,0,0.0810351897803983,0.85361467578766,-0.921561336546777,0.0860292777972249,0.0860292777972249,0.271710655207899,0,-1.13558086577662,-1.12372605690604,-0.278802607150101,-1.06211244981864,0.883749461263065,0.18414025156669,1.79935215420571,6211.0000000001,0.0061799983651054,0.0582025612003216,0.204840710946518,0.112214577617124,2865.48160547349,0.0625,14,2,"SNETWORK (2 16 2865.48160547349 0.204840710946518 14 14)",453433.5,4500031.80049939
16,15,0.493081819362741,303,1,1,0.17072214580468,0.160394613030368,0.158844019730788,-0.792311505280377,-0.724844818126604,-0.720583317340505,-0.58634970421416,-0.612030446921103,-0.858394216514073,0.824298909103102,-0.612030446921103,-0.612030446921103,-0.380411653109967,0.791743168232101,0.891346317006074,1.06476051593911,0.821526152127361,0,0,0,0,0.493081819362741,0,-0.0907135149327681,-1.06491192521572,-1.05209060297339,0.0519990304340743,-0.985134543160299,0.495968456003345,0.39320020595739,-0.583733318550703,0.969505652907147,0.101325008863271,0.0399851093800356,833.0000000001,0.134945443907496,0.146102336440214,5364.0000000001,1.25297528511803,1.38792072892552,0.0741525636923725,0.172912964075829,-0.0166449590939002,-0.246833008593723,1.67154685533914,2.5676444751234,0.648673404874501,2.92882370413271,0.111988287792308,2.84880285675453,2.34424765884181,-0.729849763130182,-0.67932338531545,-1.1263043739306,-0.375887141160453,0.999999999999999,1,3.06473152409782e-15,3.06359752825323e-15,0,-0.0501520455214461,0.618115509436238,-0.690134105709909,-0.0511558828779809,-0.0511558828779809,-1.80563715133084,0,0.34071116349224,0.666299053039402,0.741330285027984,0.178185394622115,0.812750777687391,0.332848638672777,-7.98903544363340e-11,5364.0000000001,0.00720974216726625,0.0669428214251063,0.233953024311964,0.712796355539467,2875.90886944578,0.0625,15,2,"SNETWORK (2 16 2875.90886944578 0.233953024311964 15 15)",453428.5,4500023.44430323
16,16,0.505244307532429,304,1,1,0.17072214580468,0.160394613030368,0.158844019730788,-0.804648815443767,-0.739681662124478,-0.720583317340505,-0.586612484811281,-0.612154368693805,-0.859150037381741,0.825299622877092,-0.612154368693805,-0.612154368693805,-0.381093851999463,0.791122083540447,0.890568441438035,1.06360666444083,0.820961850614909,0,0,0,0,0.505244307532429,0,0.550346043195845,-0.169563231290668,-0.168858617911793,-0.411780683153266,-0.164839241409017,0.502146155804601,-0.252018321753953,-0.58405756021743,0.0369019315988129,0.105969602740197,0.0399851093800356,379.0000000001,0.0642121321876779,0.0995222293857345,4418.0000000001,0.702979048858257,0.767191180945935,0.0368856692700142,-0.54028251610548,0.153402636497235,-0.0106877995345803,0.405320028138246,0.572557430939277,-0.106076305522976,0.588314364148001,-0.497841474113194,1.12924924992177,0.907089756698392,0.193097155542471,0.246918335801703,-0.991614292028879,0.534886011413343,0.999999999999999,0.999999999999998,0,0,0,0.325078608160626,0.959047097607956,-1.25890021860294,0.372288385407929,0.372288385407929,0.138162365067456,0,-0.946088458372501,-0.873907079978004,-0.317275434868905,-0.863246256419632,0.871332792154958,0.18291791421415,-7.98903544363340e-11,4418.0000000001,0.00308724542202862,0.0337984237479856,0.250141127313458,0.441738673367219,2881.70702162587,0.0625,16,2,"SNETWORK (2 16 2881.70702162587 0.250141127313458 16 16)",453425.067810496,4500019.0678105
16,17,0.508207916566148,305,1,1,0.17072214580468,0.160394613030368,0.158844019730788,-0.817035425547868,-0.757169976534769,-0.724309977439143,-0.588393086137378,-0.617954791277631,-0.86824935152359,0.836445553476626,-0.617954791277631,-0.617954791277631,-0.385939356441261,0.794581379517663,0.893994353801918,1.06576383702826,0.824722410734684,0,0,0,0,0.508207916566148,0,0.333599209731922,0.627125580696518,0.628730987789857,-0.240514348952389,0.637621290932002,0.50624989653429,-0.00986984722337876,-0.584126592314217,0.0170716941826935,0.0866277828772983,0.0399851093800356,731.0000000001,0.101244432598399,0.104539909477758,5098.0000000001,0.8520763769497,0.953320809448099,0.0417464591152506,-0.228824565398319,-0.549647441209012,0.151826907372751,-0.255961150360936,-0.538369386408356,-0.0388461969026937,-0.501592607251036,-0.441140738659916,-0.357627820451124,-0.324848838645267,0.48070302960157,0.684489591525207,0.00113036997464898,1.43870687407665,0.999999999999999,0.999999999999998,-3.06473152409782e-15,-3.06359752825323e-15,0,0.457100005383105,0.370254865205482,-0.423038464957003,0.545811484717124,0.545811484717124,-0.634573543667208,-0.000448862857440724,-0.441037599320719,-0.339284909772244,0.048442923361547,-0.44284637726191,0.02775853387725,0.0449657026870816,-7.98903544363340e-11,5098.0000000001,0.00443355113029259,0.037312907884958,0.264725890256595,0.827144028752979,2886.93089962115,0.0625,17,2,"SNETWORK (2 16 2886.93089962115 0.264725890256595 17 17)",453421.081077722,4500016.08107772
16,18,0.516950284855345,307,1,1,0.17072214580468,0.160394613030368,0.158844019730788,-0.814382368237882,-0.753949339196244,-0.734204241645914,-0.595851850606077,-0.641637838951801,-0.860845432828235,0.817867503287389,-0.641637838951801,-0.641637838951801,-0.403499828601736,0.796900526935992,0.895386136275118,1.05930227876258,0.828400324460919,0,0,0,0,0.516950284855345,0,0.0599469385520442,0.266002403168644,0.265882859970108,-0.0192336755564149,0.26498937761854,0.515116554462958,0.462872100207351,-0.589927380326062,-0.0234298715112217,0.118679340169111,0.0399851093800356,455.0000000001,0.0863342448059296,0.100716976228872,6513.0000000001,1.04877018154667,1.1351044262526,0.0518545618322569,-0.232550694589527,0.728910230199323,0.583822870060118,0.163010368718306,-0.573629912060628,0.416616787809512,-0.558696045462959,-0.0748239290482923,-0.218892357201203,-0.204283312473807,0.494801624007882,0.217061476989247,0.000188406456077821,0.536311230844993,0.999999999999999,0.999999999999998,0,-3.06359752825323e-15,0,0.648279419771355,1.21514762512367,-1.6097938960082,0.823142540060412,0.823142540060412,-0.208460119269371,0,-0.773658030093265,-0.637126860140735,-0.353605297360811,-0.681976831412658,0.874835915374663,0.18233841767124,0.0337403321466504,6513.0000000001,0.00394397583038723,0.0479105859018697,0.29473434884608,0.34023257499732,2897.67913921264,0.0625,18,2,"SNETWORK (2 16 2897.67913921264 0.29473434884608 18 18)",453414.895138183,4500007.89513818
16,19,0.519837808747936,308,1,1,0.17072214580468,0.160394613030368,0.158844019730788,-0.839344104559073,-0.788594442735055,-0.758361574011552,-0.599616971001636,-0.659799874775379,-0.885903052973107,0.847083044585075,-0.659799874775379,-0.659799874775379,-0.413483455610754,0.802474484294744,0.900386133800828,1.06588374430929,0.834011829362644,0,0,0,0,0.519837808747936,0,-0.312569836415512,0.907829407510544,0.912241375857044,0.544598096057878,0.937874329302694,0.519649759367047,0.599754427213844,-0.595014836671105,0.734866308964162,0.111776665537765,0.0399851093800356,943.0000000001,0.168523091306232,0.0885634035502074,3947.0000000001,0.558879267365954,0.727402358572186,0.0308246560654354,0.427373787329153,-0.246293189756837,-0.717537135266098,0.4767263972351,1.64271522242984,0.380726045262843,1.49034543541975,-0.107611675453569,1.52275164313501,1.23476161636127,-0.545829057437497,-0.412366909121319,0.100798955258205,-0.301219547521798,0.999999999999999,0.999999999999998,3.06473152409782e-15,0,3.18349622404139e-15,-0.247797787102171,0.610092092488229,-0.852461590935047,-0.238219295360748,-0.238219295360748,-0.00583389539591869,-0.00533418982656564,0.622463977776432,0.910604650387323,0.988979814965885,0.402499993173759,0.0997697187989634,0.242720220225916,-7.98903544363340e-11,3947.0000000001,0.00714139327177124,0.0236832626936642,0.312121412081714,0.182785408128638,2903.90672737387,0.0625,19,2,"SNETWORK (2 16 2903.90672737387 0.312121412081714 19 19)",453410.905781927,4500005.09421807
16,20,0.528426151019726,309,1,1,0.17072214580468,0.160394613030368,0.158844019730788,-0.839344104559073,-0.788594442735055,-0.76457498804357,-0.600003784040599,-0.6599890428334,-0.886735547502354,0.848116736011965,-0.6599890428334,-0.6599890428334,-0.413014231434101,0.801797818258874,0.899525448446768,1.06455528488348,0.833407505582218,0,0,0,0,0.528426151019726,0,-0.543208046922251,0.394663927565263,0.394912295675696,0.957175546159714,0.39602455105639,0.526299622653767,-0.734688652789189,-0.597401673714565,0.802352851096587,0.185364684732965,0.0399851093800356,717.0000000001,0.212492069928083,0.110100265882744,2563.0000000001,0.45116307520702,0.663655145035103,0.0298637744036763,0.251458060529583,0.404243684334449,-0.544438266358606,0.617016396097407,1.57656639600892,-0.742562451512007,1.51752625728015,-1.08011509059757,1.14179808421468,0.913179666988728,-0.88674573627127,-0.831689509427409,0,-0.426356903527322,0.999999999999999,1,-3.06473152409782e-15,0,0,-0.335652013749651,0.535659225089449,-1.06938645223988,-0.31441324391997,-0.31441324391997,-2.99854166106551,0,0.764959986446352,1.11561053226421,1.66216680822851,0.38765723358878,0.105734644565133,0.238183666522227,3.22175333845848,2563.0000000001,0.00956191670191517,0.0203018576017611,0.328311174761299,0.248537544735654,2909.70547400695,0.0625,20,2,"SNETWORK (2 16 2909.70547400695 0.328311174761299 20 20)",453406.80544886,4500001.80544886
16,21,0.537701115296825,311,1,1,0.17072214580468,0.160394613030368,0.158844019730788,-0.845615929152853,-0.791001606830699,-0.76457498804357,-0.600651275431906,-0.66135794447562,-0.889445237287461,0.852920914772794,-0.66135794447562,-0.66135794447562,-0.412178127342077,0.801306505566183,0.898703723288156,1.06239798936272,0.833144785285777,0,0,0,0,0.537701115296825,0,-0.361924931806752,-0.0707272585544236,-0.0704933539838246,0.533235752684419,-0.0691379724545678,0.533727633184044,-0.771952592998342,-0.598035513875974,0.47246134280825,0.13585685609934,0.0399851093800356,352.0000000001,0.0764576241423181,0.107800965627207,6407.0000000001,1.10426663232591,1.18072425636823,0.0561125387343221,0.866833013201691,0.366566365632234,-0.786937613585177,-0.568729306721577,0.353842333741799,-0.707344596406248,0.359688494790733,-1.04715027153543,0.552396786669717,0.424921398015723,0.580394228123022,0.37463623924663,-7.30145923978467e-05,0.659393798943638,0.999999999999999,0.999999999999998,0,0,0,0.306740719581005,-0.631960095895841,1.19476262029245,0.349269977065419,0.349269977065419,-0.161569734349593,-0.000397930760047793,-0.0933005842737099,0.0621395943604672,0.766020891487301,-0.262445421841079,-0.945167272366935,-1.20330776568018,1.39258815306307,6407.0000000001,0.00363355911440548,0.0524789795199166,0.358791504176909,1.77437947754131,2920.62272530159,0.0625,21,2,"SNETWORK (2 16 2920.62272530159 0.358791504176909 21 21)",453398.5,4499997.5
16,22,0.538916621819734,312,1,1,0.17072214580468,0.160394613030368,0.158844019730788,-0.844310167196427,-0.788762361768255,-0.765767119914206,-0.605431780054742,-0.675386805302561,-0.869801295325588,0.818533188402514,-0.675386805302561,-0.675386805302561,-0.424549765263511,0.800952725390511,0.897291831732615,1.04929662786294,0.834641889621847,0,0,0,0,0.538916621819734,0,-0.16652514762906,1.04061283997128,1.04678993573449,0.323337839277746,1.08323133056054,0.53690113693647,-0.805853424768316,-0.59957304694078,-0.101977847548459,0.129231891977194,0.0399851093800356,2101.0000000001,0.434102542296866,0.0999022721815922,4173.0000000001,0.666530956795073,1.10063349899194,0.0459228473970592,0.080751997111204,0.837451481472858,0.138730737982467,-0.788839133344744,-1.20176751557496,-0.940721737018107,-1.06828014177383,-1.27570895724917,-0.831503772761346,-0.712192016781823,0.116429175814981,0.198319364716786,0.100209996428026,0.409273582263936,0.999999999999999,0.999999999999998,0,3.06359752825323e-15,0,0.644822430469329,1.12984532616859,-1.54297833957567,0.817835882215253,0.817835882215253,-0.342645097824699,0,-0.331125695727947,-0.205737672959936,0.033423476939708,-0.329205461254938,0.688084607660083,0.295157116004876,0.022817095053365,4173.0000000001,0.0181125004614539,0.0278103468356053,0.381581030181358,0.657262448279653,2928.78533335231,0.0625,22,2,"SNETWORK (2 16 2928.78533335231 0.381581030181358 22 22)",453395.5,4499991.16581907
16,23,0.54332600055672,313,1,1,0.17072214580468,0.160394613030368,0.158844019730788,-0.856901811412078,-0.799221033059788,-0.77766373404746,-0.606941191804609,-0.682801412367909,-0.879185531702857,0.830630703515869,-0.682801412367909,-0.682801412367909,-0.428483770104869,0.801416623955496,0.897455589986782,1.04893648415747,0.835240762367269,0,0,0,0,0.54332600055672,0,-0.339916995042205,0.75486983055313,0.757595559136331,0.577632519358173,0.773091007228567,0.541372906423229,0.143347196944054,-0.602922149575819,0.0662804579870448,0.1128599053386,0.0399851093800356,883.0000000001,0.159329781189171,0.0840945179184927,3559.0000000001,0.47851135439672,0.637841135485891,0.0275170914552426,0.561984814618832,0.0625526847147435,0.174453698858713,-0.823583922934823,-1.30207210229232,0.0655281044458031,-1.19781944231205,-0.36996743310807,-1.42576531368276,-1.19746171815386,0.282892324312222,0.140608091505408,-0.000608492537264241,0.423985400191188,0.999999999999999,0.999999999999998,3.06473152409782e-15,0,0,0.699932312719566,1.21032931701837,-1.78961646306029,0.903776720414427,0.903776720414427,-0.8411971202596,0,-0.416161098161682,-0.30057054693967,0.0503818824070324,-0.418376040662249,0.864861642435574,0.218433033757748,0.466933388997097,3559.0000000001,0.0068736428220313,0.0206434485332113,0.393973253027021,1.76495908037759,2933.2239012254,0.0625,23,2,"SNETWORK (2 16 2933.2239012254 0.393973253027021 23 23)",453395.5,4499986.7272512
16,24,0.554042719023141,315,1,1,0.17072214580468,0.160394613030368,0.158844019730788,-0.863216711768714,-0.806209169770186,-0.781255974962671,-0.609323035136919,-0.695351943575736,-0.894596070529121,0.850893210794887,-0.695351943575736,-0.695351943575736,-0.434687857674658,0.802149419533352,0.897764036174943,1.04786830359785,0.83626076429902,0,0,0,0,0.554042719023141,0,-0.272001005693463,-0.295449653522623,-0.293900828976883,0.361309980475633,-0.28520744038261,0.552049321744392,0.628059900985511,-0.606637331512002,-0.684917768446297,0.0744001857109975,0.0399851093800356,514.0000000001,0.0611411655157729,0.0972090059913024,2814.0000000001,0.437348024958837,0.49848919037461,0.0243240820636377,-0.100398924798595,-0.15749288784206,0.330797746345249,0.186789988442,-0.195605688638374,0.657511455757916,-0.204206855210451,0.0994772212783751,-0.13449542845669,-0.14072018483944,-0.0103570880101868,0.232271523622811,-0.000831104211403933,0.48980041134382,0.999999999999999,0.999999999999998,0,0,0,0.557481181568625,0.825169863521594,-1.36199316653181,0.687401213847107,0.687401213847107,-0.25235558162428,0,-0.286520040961173,-0.226618469541998,0.296294805384108,-0.346059993930791,0.619554817548912,0.277569985018284,-7.24173546935998e-11,2814.0000000001,0.00298342019835237,0.0213406617652853,0.433754395340051,1.2849993671077,2947.47245876222,0.0625,24,2,"SNETWORK (2 16 2947.47245876222 0.433754395340051 24 24)",453387.120973115,4499979.12097311
16,25,0.562480746747824,317,1,1,0.17072214580468,0.160394613030368,0.158844019730788,-0.863216711768714,-0.806209169770186,-0.784339730330599,-0.610849264845001,-0.702820057212284,-0.902993301380548,0.863985835246061,-0.702820057212284,-0.702820057212284,-0.439330511719189,0.801755913811832,0.897073962794732,1.04382375152547,0.836386776120245,0,0,0,0,0.562480746747824,0,-0.229529992176731,-0.31825301979595,-0.316521760212118,0.294862783888961,-0.30683005942089,0.560051166524404,-0.0297802172233101,-0.607831795974592,-0.558049214548309,0.0613211511886609,0.0399851093800356,497.0000000001,0.0487262807077013,0.0809661745052728,3022.0000000001,0.391196224192423,0.439922504800124,0.0215239267033498,-0.210238267823295,-0.187890557525271,0.402792673957617,0.351099718241722,-0.0780446195723378,0.134055428389363,-0.0819111603389089,-0.317677202193761,-0.0360421217158036,-0.0591831983857311,0.0365426486655927,0.579273135289933,-0.000863374054053526,1.0465166130761,1,0.999999999999998,0,3.06359752825323e-15,3.18349622404139e-15,0.555212386308061,0.304689621574027,-0.820475464877372,0.684104551889668,0.684104551889668,-0.174402637005241,-0.0016698951161046,-0.337440690957138,-0.294289617727149,0.260657861664832,-0.388735404869015,0.113873167192228,0.162114833770229,-7.98903544363340e-11,3022.0000000001,0.00238401281191399,0.0191399137914358,0.4660676645281,0.921865888871253,2959.04622081273,0.0625,25,2,"SNETWORK (2 16 2959.04622081273 0.4660676645281 25 25)",453377.875494362,4499973.5
16,26,0.565976951769444,318,1,1,0.17072214580468,0.160394613030368,0.158844019730788,-0.861923465216525,-0.805156880330357,-0.797140668741906,-0.61164181112592,-0.7077363485802,-0.904642687273071,0.869036245137652,-0.7077363485802,-0.7077363485802,-0.439996027195052,0.802639838615978,0.898051889850028,1.04307213718214,0.837538699924201,0,0,0,0,0.565976951769444,0,-0.223448201050991,-0.320505192200766,-0.318755421360537,0.285748952680988,-0.308962617358009,0.563418727236629,0.414122095290428,-0.608984422802766,-0.543754833378069,0.0561372360021962,0.0399851093800356,556.0000000001,0.0499025101861424,0.0875740870874095,2796.0000000001,0.391479802003078,0.441382312089221,0.0216010708220592,-0.246991941668544,-0.224298163417318,0.16642107475114,-0.0281904504203484,-0.252594561565141,0.504288853895869,-0.264474592501542,-0.0218205508888017,-0.20199402281953,-0.193228345750238,0.347076943190474,0.68486217423033,-0.00111343609284692,1.59722680880237,0.999999999999999,0.999999999999998,0,-3.06359752825323e-15,0,0.505834235539154,-0.122934342512663,0.107439503655905,0.613472104310602,0.613472104310602,-0.378780007524498,-0.00246767639088463,-0.302636208690625,-0.191812893891366,0.415007683934421,-0.390001851427713,-0.425234468614579,-0.597887013132076,-7.68631103866242e-11,2796.0000000001,0.00244220853509272,0.0191588621869665,0.480742394951168,0.642000265604295,2964.30232279002,0.0625,26,2,"SNETWORK (2 16 2964.30232279002 0.480742394951168 26 26)",453374.170209603,4499971.1702096
16,27,0.570688663313972,320,1,1,0.17072214580468,0.160394613030368,0.158844019730788,-0.869443597126061,-0.81901789096088,-0.794794602443938,-0.618549787463053,-0.734117279634189,-0.909239109293852,0.886281551511915,-0.734117279634189,-0.734117279634189,-0.451292945670208,0.806596561633585,0.901509293409676,1.04119293769343,0.842480066473409,0,0,0,0,0.570688663313972,0,-0.217442423124027,-0.324945542454382,-0.323159015228336,0.276628852425292,-0.313165560350581,0.568636760179757,-0.242531294462732,-0.612402557534592,-0.579956754599754,0.120501271100615,0.0399851093800356,1080.0000000001,0.20807119334686,0.103680370992331,2303.0000000001,0.381757040110746,0.589828233357607,0.0288810320691954,-0.319966456276886,-0.29658438880315,-0.243831681201061,0.17834810454609,0.598627009963822,-0.0658875832269341,0.626004638197909,-0.487824743114214,0.608644193850438,0.471880528068863,0.422006687215994,0.674699054778079,-0.963303818104578,1.52682328630882,0.999999999999998,0.999999999999998,0,0,0,0.546185974723148,-0.163340378001956,0.173435458423105,0.671033759736774,0.671033759736774,-0.468087189800471,0,-0.420381580095516,-0.283024072147184,0.345315654160346,-0.491657578647581,-0.489100242353314,-0.468813919353804,-7.98903544363340e-11,2303.0000000001,0.010188238617948,0.0186927933512473,0.515454888084042,0.545272407555702,2976.7354236738,0.0625,27,2,"SNETWORK (2 16 2976.7354236738 0.515454888084042 27 27)",453365.5,4499965.5
16,28,0.575782656299293,321,1,1,0.17072214580468,0.160394613030368,0.158844019730788,-0.868147472935879,-0.815619464437574,-0.813706162983428,-0.621785142174814,-0.748425663847605,-0.904064100186046,0.881177249209425,-0.748425663847605,-0.748425663847605,-0.459776753413997,0.808016892656358,0.902115600082391,1.03574460695295,0.844951951178871,0,0,0,0,0.575782656299293,0,-0.209775248493347,-0.327133915777699,-0.325329146729866,0.265396595286246,-0.315236160754526,0.57183556141562,-0.248940694845512,-0.615967123986876,-0.463347693664682,0.0732944750156881,0.0399851093800356,805.0000000001,0.0943330102310818,0.0911720534977503,3695.0000000001,0.53860794274761,0.632940952878692,0.0310000307131571,-0.356189574229821,-0.332465438116326,-0.900627078602243,-0.246237944473086,0.954532067702473,-0.0718051690443638,0.998637593569216,-0.495862286708678,0.948200655651582,0.74829650536662,0.494543511963397,0.692434819109685,-0.00169579643648139,1.57175052866371,0.999999999999999,0.999999999999998,0,-3.06359752825323e-15,-3.18349622404139e-15,0.495748138828757,-0.431046270112211,0.540247458861365,0.599303804759068,0.599303804759068,-0.7911231158135,-0.000952210296608746,-0.370458860263469,-0.236281927961294,0.565533673681748,-0.493198377632177,-0.726950135662306,-0.721303268066033,0.0176944349967517,3695.0000000001,0.00462021960983347,0.0263798110033236,0.528256442532214,1.40260887556936,2981.32060334713,0.0625,28,2,"SNETWORK (2 16 2981.32060334713 0.528256442532214 28 28)",453362.25778836,4499962.25778836
16,29,0.579733516432535,322,1,1,0.17072214580468,0.160394613030368,0.158844019730788,-0.866848706290671,-0.815864250927919,-0.815190774160888,-0.625663783788329,-0.763745398390636,-0.891511047775239,0.866557624765496,-0.763745398390636,-0.763745398390636,-0.468750502418703,0.810116109435658,0.903761415378045,1.02821133437925,0.848524819633937,0,0,0,0,0.579733516432535,0,-0.26586506684504,-0.329301223411993,-0.327478305554812,0.348671920573062,-0.317286328507789,0.575264460974371,-0.92243309468313,-0.619475209632697,-0.564083254856461,0.0567121684440593,0.0399851093800356,483.0000000001,0.0437945389689374,0.0983907431125736,2527.0000000001,0.397517320943103,0.44131185981204,0.0216199770377022,-0.392238121717035,-0.36817327222248,-0.594049957192627,-0.252806906238074,0.515423618429515,-0.864226073176733,0.53921344074321,-1.21675408115764,0.529924044067416,0.407663616472767,0,0.310360396102059,-0.00230961310608496,0.57174859747207,0.999999999999998,0.999999999999996,0,-3.06359752825323e-15,-3.18349622404139e-15,0.515933333466362,0.678102683964661,-2.26005584554652,0.627746081221046,0.627746081221046,0.311952513821911,0,-0.590627975994906,-0.517723087930208,-0.320685449881849,-0.506301188364561,0.701834203013648,0.767375121946968,-7.98903544363340e-11,2527.0000000001,0.0021455052691345,0.0194744716685676,0.543566050340141,0.94693431216843,2986.80410168412,0.0625,29,2,"SNETWORK (2 16 2986.80410168412 0.543566050340141 29 29)",453357.794583064,4499959.79458306
16,30,0.584294913429955,324,1,1,0.17072214580468,0.160394613030368,0.158844019730788,-0.886056369627941,-0.842788141912635,-0.845579399006911,-0.631241039181638,-0.783998446962309,-0.912785389203737,0.934223380007367,-0.783998446962309,-0.783998446962309,-0.482359631925685,0.818073794938715,0.9120457759606,1.04426674764773,0.855562464268252,0,0,0,0,0.584294913429955,0,-0.348012528450157,-0.320657698724617,-0.318906671182631,0.483872992523366,-0.309107004686778,0.580380677576129,-0.454015772421217,-0.628340604365548,-0.507354157259915,0.0749029298012466,0.0399851093800356,444.0000000001,0.0531714311982153,0.130524477025625,5142.0000000001,1.07305160477171,1.12622303586993,0.0551178857074439,-0.400523319609608,-0.414072308710582,-0.206789779908726,-0.620868698319119,-0.52260734295116,-0.286376084168465,-0.546850580616044,-0.690659467430262,-0.454158104486098,-0.393723723845878,0.0905205124533595,0.324322322056191,-0.00270772058207685,0.600067591707463,0.999999999999999,0.999999999999998,-3.06473152409782e-15,-3.06359752825323e-15,0,0.47465492101963,-0.723935491856797,1.15848897990779,0.569953076240593,0.569953076240593,-0.985880706716481,0,-0.229439210085835,0.0102625881232563,0.940435022260606,-0.439682786731928,-1.08037613574909,-1.0553749654841,-7.98903544363340e-11,5142.0000000001,0.00260223487157851,0.0525156507358654,0.573496957019071,0.599201060831547,2997.52456422358,0.0625,30,2,"SNETWORK (2 16 2997.52456422358 0.573496957019071 30 30)",453348.852995074,4499955.5
16,31,0.586727782210923,325,1,1,0.17072214580468,0.160394613030368,0.158844019730788,-0.884770616114881,-0.843646027906501,-0.837851215952926,-0.632645338692656,-0.789853460415035,-0.90540139781127,0.924078497422108,-0.789853460415035,-0.789853460415035,-0.48609867970379,0.818170717219887,0.911450211585589,1.03820958451909,0.856561050144018,0,0,0,0,0.586727782210923,0,-0.549107075256172,-0.31599205713209,-0.314279291845239,0.887830369613953,-0.304688636361206,0.582972003528517,-0.210957117167234,-0.629654306086225,-0.704045606604321,0.0452702256810008,0.0399851093800356,34.0000000001,0.00246086714389094,0.0864065335380059,5405.0000000001,0.746687454992529,0.74914832203642,0.0366435597986425,-0.281646224868794,-0.411876357842631,0.133148614924013,-0.462987307382327,-0.788253450109196,-0.0366410100990453,-0.824189671222385,-0.478006301457336,-0.686700306347846,-0.58182819253039,0.462874318508448,0.712507571751477,-0.00277292260994085,1.62411672122283,0.999999999999999,0.999999999999998,0,-3.06359752825323e-15,0,0.504186628556346,-0.35101707292174,0.291886326372934,0.611151704366455,0.611151704366455,-0.0520334964121102,-0.000501088563686469,-0.520505444741967,-0.364890385689282,0.281449042276243,-0.577021563637317,-1.00781369962065,-0.661071931643888,1.1094421830905,5405.0000000001,0.000120369926478848,0.0365231897721636,0.589442001639128,0.422943746184806,3003.2356592924,0.0625,31,2,"SNETWORK (2 16 3003.2356592924 0.589442001639128 31 31)",453344.418357941,4499952.41835794
16,32,0.59204817488448,327,1,1,0.17072214580468,0.160394613030368,0.158844019730788,-0.874460851022487,-0.835200885740224,-0.845288481538566,-0.637379593930399,-0.808885011344822,-0.888500843408744,0.906129859018986,-0.808885011344822,-0.808885011344822,-0.49749841795493,0.820691503529305,0.912786487745798,1.02863302712041,0.860932146654341,0,0,0,0,0.59204817488448,0,-0.675987956349706,-0.236124934836565,-0.235008247946694,1.22518405879468,-0.228694849134954,0.590396348146804,0.333847248980097,-0.63372929167839,-0.288537028904888,0.0863665861449046,0.0399851093800356,283.0000000001,0.0390776792676374,0.120434368860656,4179.0000000001,0.804672920715849,0.843750599883486,0.0408851565868992,-0.186302331438503,-0.169622376694378,0.493377340491822,0.143380422873155,-0.481024051433005,0.423860830103331,-0.498154310367725,-0.10644584588159,-0.409167256111984,-0.35585985486638,0.149233156044278,0.653344742097185,-0.00307783149858638,1.29299460231936,0.999999999999998,0.999999999999998,0,0,3.18349622404139e-15,0.417225609502516,-0.148459691199883,-0.147658891832336,0.491925026492034,0.491925026492034,-0.588266126235451,0,-0.414318446573339,-0.262235077854968,0.275038060843838,-0.469128367684948,-0.709850873866546,-0.512581624035849,0.447878080968108,4179.0000000001,0.00189356550184815,0.038991590985051,0.621809104439251,1.32345937798058,3014.82870312505,0.0625,32,2,"SNETWORK (2 16 3014.82870312505 0.621809104439251 32 32)",453335.463478719,4499947.46347872
16,33,0.596000890752872,328,1,1,0.17072214580468,0.160394613030368,0.158844019730788,-0.879601173419012,-0.842081664016623,-0.845288481538566,-0.638996220163891,-0.814755287506647,-0.885889377011076,0.906765393430966,-0.814755287506647,-0.814755287506647,-0.501840473397873,0.821197232566452,0.91305025287543,1.02703359285424,0.861762067381842,0,0,0,0,0.596000890752872,0,-0.610360838696414,-0.233417946335378,-0.232319516988449,1.0472466203998,-0.226107199991094,0.592491154998894,0.507009598299751,-0.636195620227241,-0.944954287099008,2.22749402061303,0.0399851093800356,374.0000000001,1.33194019052611,0.106905706275259,4479.0000000001,0.76555874834815,2.09749893877426,0.101605010113827,-0.12676004072072,-0.200702722331485,0.707882590246577,0.344489485226567,-0.513164048751734,0.555822138616187,-0.531256361752375,-0.00484429726295548,-0.453504548595062,-0.383215969336654,0.793862752577438,0.713929669375299,-0.00275510394052598,1.21737300000966,0.999999999999999,1,3.06473152409782e-15,3.06359752825323e-15,0,0.491354591444199,0.774089408862435,-2.1430517012563,0.593159176082884,0.593159176082884,-0.0791556139794473,0,-0.898014786156691,-0.888903900782794,-0.745988187078038,-0.714704879716672,0.541202786122355,0.233315536962119,0.479401606535682,4479.0000000001,0.0645205553579929,0.0370844546558343,0.635864921344446,0.214024975779466,3019.86312657937,0.0625,33,2,"SNETWORK (2 16 3019.86312657937 0.635864921344446 33 33)",453332.5,4499943.65656834
16,34,0.597140312134652,329,1,1,0.17072214580468,0.160394613030368,0.158844019730788,-0.912010526286149,-0.87726048143839,-0.884061810146691,-0.644804722482667,-0.845867832619171,-0.919503061832387,0.998505516923872,-0.845867832619171,-0.845867832619171,-0.52398062199884,0.83474738561711,0.927420103703602,1.05111016289377,0.874215970694618,0,0,0,0,0.597140312134652,0,-0.629646253534856,-0.260571083611941,-0.259283747484265,1.09424451775233,-0.252027736520459,0.595272592985836,0.726967984133041,-0.641952478722948,-1.22069722033479,0.0858753301245914,0.0399851093800356,358.0000000001,0.0491527726840525,0.102102601782985,2772.0000000001,0.452508362095423,0.501661134679475,0.0243786773110281,-0.0694700689971537,-0.142007437126785,0.38894269429502,0.521962693933024,0.168408044626257,0.719599966769223,0.174718581630696,0.116954341490163,0.178639565664181,0.129539149762617,0.417207324598551,0.375362917232835,-0.00411744070489979,0.738020335447988,0.999999999999999,0.999999999999998,0,-3.06359752825323e-15,-3.18349622404139e-15,0.405207146124728,-0.896055746343211,0.876583789805784,0.475938051684774,0.475938051684774,-0.027163773335928,0,-0.623993224221576,-0.453625431425347,0.227037948889807,-0.66796999703868,-1.78086215450029,-1.61918373922915,0.69378449125173,2772.0000000001,0.00238862350350932,0.0219900537075188,0.650775208868196,0.213953610509634,3025.20359890671,0.0625,34,2,"SNETWORK (2 16 3025.20359890671 0.650775208868196 34 34)",453328.558736702,4499940.5
16,35,0.605121829012563,331,1,1,0.17072214580468,0.160394613030368,0.158844019730788,-0.899087294755092,-0.86963013951261,-0.890332810526836,-0.652780639166502,-0.86722221552266,-0.897662437538903,0.989007117243925,-0.86722221552266,-0.86722221552266,-0.539267225426973,0.840487967146507,0.932252818203823,1.04887849287421,0.881313666978593,0,0,0,0,0.605121829012563,0,-0.649475740815874,-0.319260209562041,-0.317520682557689,1.14037112285934,-0.307783823188665,0.601098108184405,0.435671750642483,-0.648462414638152,-1.53034779351137,0.0726386265980775,0.0399851093800356,573.0000000001,0.0665455196585415,0.0980171565115048,2074.0000000001,0.325018009134675,0.391563528693217,0.0191601542590503,-0.114490346030273,-0.107730718777872,0.645916967219851,0.412207133844919,-0.335916282995357,0.520519134051272,-0.351553345576881,-0.0431086448821469,-0.302104518106012,-0.267945272021722,-0.819328818517226,-0.939609020434672,-0.0045045479839902,-0.405314639398241,0.999999999999998,0.999999999999996,0,0,0,0.434373695930771,0.650025422129333,-1.5527529866875,0.514938853690336,0.514938853690336,5.30404127301153,0,0.578622231215066,0.813301972828128,1.01138252607862,0.353328228665381,-0.0882486862196139,0.508527563643659,-7.98903544363340e-11,2074.0000000001,0.00325623384260676,0.0159039203164436,0.681788831258898,0.768125744840476,3036.31186170072,0.0625,35,2,"SNETWORK (2 16 3036.31186170072 0.681788831258898 35 35)",453321.808125515,4499932.80812551
16,36,0.607326442370145,332,1,1,0.17072214580468,0.160394613030368,0.158844019730788,-0.899087294755092,-0.86963013951261,-0.890332810526836,-0.652929898545667,-0.867590398319537,-0.898126908725052,0.990211238301753,-0.867590398319537,-0.867590398319537,-0.539675297190575,0.840266949169869,0.93195099144654,1.04854156978665,0.881102323116589,0,0,0,0,0.607326442370145,0,-0.669882315726192,-0.348671658026902,-0.346682882106437,1.19349603399011,-0.3355877120156,0.604475583792424,0.663427075769745,-0.650027142165328,-0.980638571941974,0.0873177861184884,0.0399851093800356,457.0000000001,0.0637992378698104,0.0992910285745066,3040.0000000001,0.482592054705422,0.546391292475233,0.0268288994082402,-0.136975043068607,-0.129912282228498,0.713009072250316,0.448848897685223,-0.381160984685339,0.694277145428334,-0.400324291513942,0.0904536262530305,-0.347098276046609,-0.289254723644421,0.855284571130137,0.812702791874677,-0.00436443908806288,1.8084219267499,0.999999999999998,0.999999999999996,0,0,0,0.417068482216608,-0.383463220347587,-0.176792813753594,0.491715260221997,0.491715260221997,-0.127912959284645,-0.000610779361420954,-0.787344171747921,-0.749910419129412,-0.519597309944257,-0.656825714070105,-1.0657322577328,-2.05414188585945,1.18086688545783,3040.0000000001,0.00313266948056199,0.0236962298276782,0.69581961965619,0.894917541426626,3041.33732060264,0.0625,36,2,"SNETWORK (2 16 3041.33732060264 0.69581961965619 36 36)",453318.254589446,4499929.25458945
16,37,0.610822647391764,333,1,1,0.17072214580468,0.160394613030368,0.158844019730788,-0.892605802277873,-0.859231573856048,-0.866124246097691,-0.662476192077901,-0.906040116319549,-0.864873996156905,0.998398788578852,-0.906040116319549,-0.906040116319549,-0.564603900371124,0.855604481988529,0.947876315013795,1.072523672071,0.895678956294117,0,0,0,0,0.610822647391764,0,-0.712574683366123,-0.378127972119965,-0.375874371787078,1.31540825030174,-0.36334227020659,0.609567022930067,0.732224791170794,-0.65955566340368,-0.360512101341518,0.0617093027638031,0.0399851093800356,80.0000000001,0.00789291100155952,0.0893512363851703,2228.0000000001,0.318282182275501,0.32617509317706,0.0160714380913309,0.0171034887934503,-0.15207712824797,1.17102767863366,0.682274168877993,-0.709151249252255,0.748962401186028,-0.747123453076701,0.124100764415308,-0.611095024697611,-0.496024823351339,0.601083856697914,0.853164311906918,0.0951932304529265,1.84117107461159,0.999999999999999,0.999999999999998,-3.06473152409782e-15,-3.06359752825323e-15,0,0.353085432139171,-0.271265220759112,-0.444671028933039,0.40794318793398,0.40794318793398,0.211541060139672,-0.00140523029979434,-0.656138092303831,-0.614675692408662,-0.371249728613111,-0.560098986449738,-0.82568766023986,-1.81190929999511,2.34494716947791,2228.0000000001,0.000388902864804408,0.0156825351265265,0.70984094944026,1.02162391112529,3046.3593916784,0.0625,37,2,"SNETWORK (2 16 3046.3593916784 0.70984094944026 37 37)",453314.703448933,4499925.70344893
16,38,0.614699582162673,334,1,1,0.17072214580468,0.160394613030368,0.158844019730788,-0.883433861940555,-0.854110695612592,-0.847356548341312,-0.667502659339643,-0.922196847305347,-0.851786057659127,1.01491850620112,-0.922196847305347,-0.922196847305347,-0.573346141899283,0.862276306700955,0.954692504910534,1.08304759021424,0.902006443669905,0,0,0,0,0.614699582162673,0,-0.734911413817946,-0.293630260448334,-0.292095600517451,1.39638210034058,-0.28347987207914,0.61448478429167,1.20188711158894,-0.661551318565346,-0.678503145273201,2.00435786152559,0.0399851093800356,501.0000000001,1.60549724350842,0.119600188493283,2357.0000000001,0.450700480364827,2.05619772377325,0.100311950262613,-0.010067368350128,-0.000190406011669308,0.59984104576904,0.752784596530823,0.180114164750538,1.03445091620144,0.187510926806224,0.338224211258102,0.373242067677932,0.274257373215234,0.52777581680624,0.780918808873603,0.153771847438734,1.51100296437917,0.999999999999999,0.999999999999998,0,3.06359752825323e-15,0,0.271018380582905,-0.609310641700887,0.243250160266689,0.305160977496069,0.305160977496069,-0.164977136830964,0,-0.319061777759957,-0.270613242471964,0.21725904199387,-0.360160011602291,-1.18215156770281,-2.69608926774422,1.51485769592756,2357.0000000001,0.0783244517843803,0.0219874983782326,0.723928840144073,1.12110542487624,3051.40530312273,0.0625,38,2,"SNETWORK (2 16 3051.40530312273 0.723928840144073 38 38)",453311.135450734,4499922.13545073
16,39,0.626405255441943,336,1,1,0.17072214580468,0.160394613030368,0.158844019730788,-0.887371742593655,-0.853111204434467,-0.826902148201274,-0.672512308643169,-0.934259069885369,-0.831904654092044,1.00971564929376,-0.934259069885369,-0.934259069885369,-0.587647144159083,0.863239734043721,0.955493810047733,1.07942125008442,0.903673144483028,0,0,0,0,0.626405255441943,0,-0.688590458015163,-0.0659476232952903,-0.0657322238317196,1.28368343842347,-0.0644829920722184,0.624335710495428,-0.507470555633597,-0.669542306738892,-0.531721971692597,9.07080228684204,0.0399851093800356,1946.0000000001,28.2218260955746,0.329574932770492,1887.0000000001,0.99431192220843,29.2161380176831,1.38768357912325,0.372401991933222,0.386227608295976,-0.0183578873235041,0.633850693052935,0.87280278280378,-0.393639293688491,0.886206981060856,-0.821152821281963,0.775589780270396,0.590340713116946,0.52927869924646,0.625414816191462,0.0943882704867676,0.88625474348947,0.999999999999999,0.999999999999998,0,3.06359752825323e-15,0,0.141266575689084,-0.830294560443698,0.379576436671247,0.152778538540064,0.152778538540064,-0.120412506098192,-0.000849373678705523,-0.504259676498997,-0.537155612722794,-0.243996622023266,-0.43772138946522,-1.51719866899692,-3.13779774686972,3.33588841513181,1946.0000000001,1.34045658667037,0.0472269923528741,0.754620270557719,1.01774391308114,3062.39816523551,0.0625,39,2,"SNETWORK (2 16 3062.39816523551 0.754620270557719 39 39)",453304.483643733,4499914.48364373
16,40,0.631116966986472,337,1,1,0.17072214580468,0.160394613030368,0.158844019730788,-0.866242786311579,-0.83684401205739,-0.796349789048086,-0.676828217170294,-0.943332868099899,-0.807790091261113,1.00026766979811,-0.943332868099899,-0.943332868099899,-0.596933712060243,0.868207980464731,0.961578931007756,1.08922484811818,0.908100886473392,0,0,0,0,0.631116966986472,0,-0.368442101871507,-0.175302548090508,-0.17456542613734,0.53435471467884,-0.17036401663447,0.627588247267773,-0.0177349233983449,-0.669772413728183,-0.913037199287557,2.84545980099883,0.0399851093800356,598.0000000001,2.72050928888654,0.130366794948507,3301.0000000001,0.688032712457655,3.4085420012442,0.16398934018838,0.335775086972952,0.350053877894655,0.0828199135946438,-0.517772842082463,-0.774064537968526,0.115718293782498,-0.795699508080309,-0.386435109777115,-0.740720709687301,-0.609387983291457,0.249769690013064,0.469182035512669,-0.00660123545897713,0.669513243146684,0.999999999999999,0.999999999999998,0,3.06359752825323e-15,0,0.307049857221642,0.69593455362797,-1.92201899044645,0.349655893080386,0.349655893080386,0.35432662267875,0,-0.583137324993767,-0.570939954304542,-0.72085078432374,-0.405104802163338,0.726954786912911,0.89127279703387,0.00356083096786076,3301.0000000001,0.130887201279213,0.0331021388091666,0.773620260050019,1.06646242997545,3069.20346110534,0.0625,40,2,"SNETWORK (2 16 3069.20346110534 0.773620260050019 40 40)",453299.5,4499911.5
16,41,0.633778091190825,338,1,1,0.17072214580468,0.160394613030368,0.158844019730788,-0.87943792293533,-0.854128248275671,-0.803949296104129,-0.678911541744274,-0.949812291476969,-0.814935353206905,1.02180052981541,-0.949812291476969,-0.949812291476969,-0.602800939203162,0.870551186601133,0.964112535379386,1.09701438118313,0.909725325537433,0,0,0,0,0.633778091190825,0,-0.574464458934872,-0.285666394931739,-0.284193056736571,0.951488065675755,-0.27591379419011,0.631700552623843,0.0860150118482836,-0.673882961309602,-0.382202594493658,0.0577165068195892,0.0399851093800356,80.0000000001,0.00738221356575339,0.100027906946253,5169.0000000001,0.826654982635845,0.834037196101598,0.0406505596602982,0.0383497847003467,0.313948000762749,-0.196143851498466,-0.0158452902089767,0.268652237281909,0.229749535428883,0.279567431682579,-0.297013121061661,0.324404478294373,0.235928989997691,1.02806940626906,0.954098230417479,0.0937239016861105,1.99383563627937,0.999999999999999,0.999999999999998,3.06473152409782e-15,0,0,-0.0905405601889487,0.43229343475407,-1.21479809131879,-0.0912326313040562,-0.0912326313040562,0.245926083863966,0,-1.05249390502518,-1.11194862413625,-0.99141839745687,-0.812019356085287,-0.0201457939471981,0.425883944871047,1.55910078618981,5169.0000000001,0.000359805425483528,0.0402907541348147,0.787639378682173,0.185528849018738,3074.22474020471,0.0625,41,2,"SNETWORK (2 16 3074.22474020471 0.787639378682173 41 41)",453297.5,4499907.30714803
16,42,0.643964525469964,340,1,1,0.17072214580468,0.160394613030368,0.158844019730788,-0.896770068410519,-0.879166588369858,-0.891089592552761,-0.694863375111945,-0.971894573081807,-0.836261426368548,1.11047641581662,-0.971894573081807,-0.971894573081807,-0.648553191953405,0.902684524773732,1.0007852895975,1.15677312893834,0.938875214662103,0,0,0,0,0.643964525469964,0,-0.677986344994175,0.167970983869762,0.167756618473291,1.28265402292667,0.166410523903181,0.640959598910085,0.165768230999227,-0.690632658248237,-0.15392645306095,0.153733676254258,0.0399851093800356,449.0000000001,0.110360060106755,0.121617007440511,3087.0000000001,0.600243570135236,0.710603630141992,0.0328375922283682,1.15926111796708,0.581145692379034,0.199985982275771,-0.202689395919408,-0.514236149030161,0.203598611770595,-0.506778765762057,-0.333147878933162,-0.340616903513956,-0.277340897535506,0.866867362480462,0.536267153033886,-0.00837553656023659,0.675214120873285,0.999999999999999,0.999999999999998,-3.06473152409782e-15,0,0,0.481046394997189,0.969598213850282,-1.90018626345841,0.578806908492712,0.578806908492712,-0.158522283644429,-0.000201044170349274,-0.882182722506264,-0.86208764331667,-1.54657680303299,-0.511399428975989,0.953753395620985,1.01180254014863,0.307006037110392,3087.0000000001,0.00509983130475976,0.0277377608236084,0.821131456011002,1.08370915049272,3086.22072028724,0.0625,42,2,"SNETWORK (2 16 3086.22072028724 0.821131456011002 42 42)",453289.830941666,4499900.83094167
16,43,0.644875387384713,341,1,1,0.17072214580468,0.160394613030368,0.158844019730788,-0.930487215302635,-0.929991855659009,-0.958804496162218,-0.698800879579215,-1.00951542990985,-0.889431032014333,1.22342636525061,-1.00951542990985,-1.00951542990985,-0.676394995347823,0.919308246380896,1.01796207447308,1.22289504741278,0.948813010535064,0,0,0,0,0.644875387384713,0,-0.903938633757011,0.258682658275225,0.258550472689987,2.13115757226756,0.257591268345925,0.64416758666258,0.206159667380015,-0.694808054163002,0.0808132494778098,1.68553385613319,0.0399851093800356,872.0000000001,2.34990626876843,0.0913388137424982,1589.0000000001,0.232046936086058,2.58195320475449,0.118051694455258,1.48412535236887,1.12571971576752,0.39264867890101,0.172226156884731,-0.287874698980194,0.218108574529152,-0.280015123446455,-0.325106734232053,-0.13172398047533,-0.116614032489472,0.347813094865421,0.553278524825575,-0.00912053296926762,0.759850525766924,0.999999999999999,0.999999999999996,-6.12946304819564e-15,0,-3.18349622404139e-15,0.175249377497476,-0.757546789964229,0.667116016393186,0.191532682627562,0.191532682627562,-0.0681947797691053,0,-0.195813281340553,-0.171969527716972,0.52018536233847,-0.307597890006763,-1.58633143829309,-3.11734823804238,1.55395987229129,1589.0000000001,0.107442077607086,0.0106096167481726,0.83630458045665,1.60010123958271,3091.65533387817,0.0625,43,2,"SNETWORK (2 16 3091.65533387817 0.83630458045665 43 43)",453285.402303105,4499898.40230311
16,44,0.648828103253104,342,1,1,0.17072214580468,0.160394613030368,0.158844019730788,-0.930487215302635,-0.929991855659009,-0.930678634576251,-0.708124335165089,-1.01650672979304,-0.874218269748867,1.2124990345771,-1.01650672979304,-1.01650672979304,-0.684270017433305,0.919915062485814,1.01863048989753,1.21789940061108,0.950258316004316,0,0,0,0,0.648828103253104,0,-0.623757238032888,0.43770030182344,0.438132977434631,1.16515520369513,0.440278470513283,0.648064359480006,0.40372022036614,-0.702361839056896,-0.531734939903561,2.3069681459554,0.0399851093800356,1180.0000000001,4.35231359495345,0.113563685724713,1907.0000000001,0.346247579866641,4.69856117472009,0.210366944312971,0.601195547960405,1.44596266680542,-0.00106264232281232,0.213623134038976,0.293939485030665,0.336113844357837,0.28291117177465,-0.23685030142713,0.121887315371899,0.087033773476696,0.71426983430196,0.899151979084805,0.0904566642324394,1.7245773104294,0.999999999999999,0.999999999999998,3.06473152409782e-15,3.06359752825323e-15,0,0.256446555666069,0.256633569877327,-1.01774587414156,0.287441662029563,0.287441662029563,-0.519751171464974,0,-0.655006839863444,-0.694674727984218,-0.900352513374913,-0.435086118692515,0.0455699113374754,-0.517088130408092,0.143028280871979,1907.0000000001,0.19486452919918,0.0155024150137908,0.85632733857551,0.0508447885513306,3098.82695853533,0.0625,44,2,"SNETWORK (2 16 3098.82695853533 0.85632733857551 44 44)",453279.432851756,4499897.5
16,45,0.654072410785533,343,1,1,0.17072214580468,0.160394613030368,0.158844019730788,-0.925269775747921,-0.937467529989002,-0.978082736426578,-0.715810142069702,-1.03591998530865,-0.882482332083766,1.25595764956894,-1.03591998530865,-1.03591998530865,-0.698697207276576,0.927130190496462,1.02705482328146,1.2448365225042,0.954828590811523,0,0,0,0,0.654072410785533,0,-0.0100719016146439,-0.390062245743621,-0.387697014895596,0.00984596693672152,-0.374561008916911,0.653142796056428,0,-0.712618335134095,0.166573666677442,1.03151415380654,0.0399851093800356,1287.0000000001,2.12251277537091,0.0884757693633123,1385.0000000001,0.195916356514759,2.31842913178567,0.114395128924794,1.5647035181388,0.575592782463578,0.145838816456756,0.416101937254717,0.355290657525074,0.175605729046955,0.37407859922028,-0.375757137259427,-0.2384201320401,-0.195515719917026,0.4825657518802,0.559548179955454,-0.0102889507909193,0.751469154041501,0.999999999999999,1,0,-3.06359752825323e-15,3.18349622404139e-15,0.144111009496427,-0.764693747918159,0.764299077841385,0.155991693484994,0.155991693484994,-0.0743968771478198,0,-0.255938788313618,-0.293056484097201,0.237896427749371,-0.301746987496272,-1.5889110193179,-3.4639689117029,-7.774065130679e-11,1385.0000000001,0.104728291687246,0.00966683713754731,0.871256033346329,1.31630692631621,3104.17402385381,0.0625,45,2,"SNETWORK (2 16 3104.17402385381 0.871256033346329 45 45)",453274.5,4499896.5
16,46,0.662282335108653,345,1,1,0.17072214580468,0.160394613030368,0.158844019730788,-0.894213390291947,-0.916876489700022,-0.964178559114081,-0.725436320903461,-1.05763060357043,-0.829603098017954,1.21461736489988,-1.05763060357043,-1.05763060357043,-0.725862114891865,0.932366412125727,1.03445180202794,1.24250294610661,0.961343526455146,0,0,0,0,0.662282335108653,0,1.12486278807458,-0.58488523131858,-0.580341908661579,-0.622730091998469,-0.555596221719476,0.658091301152029,0.0868673228919452,-0.718584381801884,-0.223107422064614,0.834385588563423,0.0399851093800356,3062.0000000001,4.08477891106426,0.138051497440707,1181.0000000001,0.260667924395173,4.34544683535944,0.219385582642948,-0.284981823723589,0.192286350410323,-0.305195114237951,0.156717186366685,0.650850221149814,0.292727578055852,0.701063415869191,-0.286342609947693,1.063996649902,0.796326033944591,0.489589886441678,0.538219957368967,-0.0112039768264396,0.707804911020345,0.999999999999999,0.999999999999998,0,0,0,0.157457232929029,-0.765436642756717,0.709593894933029,0.1711424816892,0.1711424816892,-0.258823598734548,0,-0.011525073192924,-0.152327822791085,0.363519071911041,-0.0862734452666807,-1.68407226596612,-2.82316425689313,0.758286525799494,3062.0000000001,0.206225420518243,0.0131601620247054,0.904837479474298,0.796564403807006,3116.20201348666,0.0625,46,2,"SNETWORK (2 16 3116.20201348666 0.904837479474298 46 46)",453266.823354091,4499888.82335409
16,47,0.670568192551079,347,1,1,0.17072214580468,0.160394613030368,0.158844019730788,-0.881964574245994,-0.909029361345108,-0.927858911086404,-0.72998557860083,-1.06646354470222,-0.807890885102459,1.19701192167088,-1.06646354470222,-1.06646354470222,-0.739527431775628,0.929694978661613,1.03323187360887,1.23434702428517,0.95938637002865,0,0,0,0,0.670568192551079,0,1.09052559524894,-0.975237843229541,-0.964282183822997,-0.621554879836542,-0.906638236068416,0.665231527389016,-0.740883908688846,-0.726491694706598,0.22347100974782,1.92734024885848,0.0399851093800356,387.0000000001,1.19252071149584,0.102670059347773,1747.0000000001,0.286769720045848,1.47929043144169,0.0782017423186099,-0.0402900196754069,-0.124825555548469,-1.11469352677619,-0.31729678777797,1.15138627011651,-0.503543841569956,1.29839589050925,-0.971172592433205,0.897647247353275,0.66003836483491,-0.823657052174485,-0.942912168909521,-0.936077053682736,-0.449929028707164,0.999999999999999,0.999999999999998,0,0,0,-0.585628390245463,-0.436268089187429,0.332083296240787,-0.510195821166284,-0.510195821166284,0.961873943356401,0,1.16066120939654,1.26460509967613,0.448924886028816,1.06818035499984,-1.03168462921255,0.563416846734737,-7.98903544363340e-11,1747.0000000001,0.0630418444458863,0.0151598977727236,0.935965078950812,0.365079205249964,3127.35109987121,0.0625,47,2,"SNETWORK (2 16 3127.35109987121 0.935965078950812 47 47)",453258.768186629,4499882.76818663
16,48,0.673836142149312,348,1,1,0.17072214580468,0.160394613030368,0.158844019730788,-0.881964574245994,-0.909029361345108,-0.936997772059874,-0.730271483890498,-1.06615062586209,-0.807541660955067,1.19718939288015,-1.06615062586209,-1.06615062586209,-0.740396759423943,0.929017862647228,1.03243546851362,1.23414543195199,0.958617176015994,0,0,0,0,0.673836142149312,0,1.0654632608963,-1.87587573113471,-1.83930485904929,-0.630515588093739,-1.66029078624796,0.668463605202891,-1.14194152375534,-0.726939357394854,0.417851285010213,4.95052017714133,0.0399851093800356,1240.0000000001,9.81452068497776,0.12917176810348,2227.0000000001,0.459922223890209,10.274442908768,0.604257479109092,1.22318048627054,-0.0567674759877806,-1.22811739622983,-0.756996997243231,0.712415437646514,-0.946442446329727,0.89018071366624,-1.39357739070976,0.736843660927174,0.533953254027829,-0.0244763662074154,0.47440526913825,-0.941246543620278,0.639456176433668,0.999999999999999,0.999999999999998,0,0,0,0.120881145709542,-0.757924485104553,0.617362874641696,0.129912641720012,0.129912641720012,0.0200529048345727,0,-0.047409128972925,-0.176925130063448,0.0531020498679864,-0.0495486837304795,-1.61392305771411,-2.82316425689573,-7.98903544363340e-11,2227.0000000001,0.577208670041233,0.0270488089678584,0.951633047002387,0.699094102846458,3132.96295341003,0.0625,48,2,"SNETWORK (2 16 3132.96295341003 0.951633047002387 48 48)",453254.2142205,4499880.2142205
16,49,0.676040603485071,349,1,1,0.17072214580468,0.160394613030368,0.158844019730788,-0.880594712313779,-0.907079176941117,-0.936997772059874,-0.731501297085027,-1.06824153083311,-0.801924202023133,1.19343997731397,-1.06824153083311,-1.06824153083311,-0.742751330635179,0.928491275434922,1.0322345783579,1.23375531491047,0.95805227741797,0,0,0,0,0.676040603485071,0,1.07359689023408,-1.27083657609905,-1.25316631445972,-0.622657749492559,-1.16243166912183,0.670474646059835,-1.25824884615659,-0.728169383846698,0.261156494303871,2.22590458692568,0.0399851093800356,1812.0000000001,6.4485387266933,0.177897316598282,2865.0000000001,0.814874256757495,7.2634129833508,0.397623049834336,-0.403658134722999,1.18872981342161,-0.830543853891102,-1.16803890156978,-0.367835044813986,-1.25507880477818,-0.433418136271131,-1.71823416998451,0.0912534380627725,0.0447272283213034,1.44894704417482,0.89263554708762,0.0885936245709584,1.18826607958441,0.999999999999999,1,0.441453880736919,0.428308755042627,0.428232373001873,-0.0550581748946857,-0.768083992704153,0.236053899399445,-0.0560768718839309,-0.0560768718839309,-0.100481485878564,-0.000361147904846204,-0.410952208045294,-0.404006542775482,0.0175749319870283,-0.405475821339833,-1.58230392180884,-2.74807418267207,1.49508841915156,2865.0000000001,0.353014160245426,0.0446088894889106,0.96623118334283,0.692257409865945,3138.19162140404,0.0625,49,2,"SNETWORK (2 16 3138.19162140404 0.96623118334283 49 49)",453250.516993904,4499876.5169939
17,50,-0.855731438009167,5,-6.34848848278384,-1.82691635390754,-0.82927785419532,-0.839605386969632,-0.841155980269212,1.03556133079814,0.879497316327802,1.19641500091291,0.84954444355683,0.428151095792774,0.622817639154274,-0.223982539219855,0.428151095792774,0.428151095792774,0.868654463438395,-0.188928006752207,-0.325225382272389,-0.730126377038718,-0.0724002157625821,-1,1,-1,-1,-0.855731438009167,0,1.24871812894412,0.619655660745927,0.621203729667013,-0.630064945918172,0.629759506345058,-0.857069799166142,0.403111121985751,0.845038631825679,-0.0365549978286352,2.42160324833289,0.0399851093800356,21.0000000001,0.0813053006979873,0.184349006681529,856.0000000001,0.252296450779872,0.33360175137786,0.0146213866248448,1.43839124613132,-1.03930205372783,-0.493850796279556,-0.684005921467781,-0.198953949606339,0.29774322816639,-0.18417471078892,0.705453787890833,-0.591942019520216,-0.981221762990545,-0.591282875897883,-1.00780486656759,0.0898001805142935,-0.423035253903421,-1.80769263216737,-0.424522589145964,-0.952454203538719,-0.935234804570517,-0.924622065803275,0.101920920277264,-0.237646878771568,1.25442243435562,0.108898516575684,0.108898516575684,2.18699542685477,0,1.26445369215063,1.50903929254518,-0.519216862345589,1.39884550161871,-1.24213225397215,0.0205418823609771,0.998378719461018,856.0000000001,0.00356351914223529,0.0110578673826095,0.0132892022166361,1.33727378709092,1149.11513782668,0.125,50,2,"SNETWORK (2 17 1149.11513782668 0.0132892022166361 50 50)",454685.802748828,4500690.80274883
17,51,-0.852006977564162,6,-6.34848848278384,-1.82691635390754,-0.82927785419532,-0.839605386969632,-0.841155980269212,1.03556133079814,0.879497316327802,1.19641500091291,0.849241720308946,0.428000973650871,0.623189903136854,-0.224939213870704,0.428000973650871,0.428000973650871,0.868353034129114,-0.189532901256167,-0.325975934151568,-0.73006242361731,-0.0731209233908458,-1,1,-1,-1,-0.852006977564162,0,1.03382301028304,-1.43947005631843,-1.41723626292179,-0.616579334018311,-1.30460392854026,-0.852920617486686,-0.505315776774777,0.844973783492334,0.740746112879011,4.38161204421433,0.0399851093800356,13.0000000001,0.0910696880754735,0.189866343610994,2615.0000000001,0.793809431462157,0.88487911943763,0.0494174121242096,4.61944916459301,1.40087914084707,-0.215277785001919,0.415477675430999,0.797489966362813,-0.125622644620076,0.948001985442246,0.355707977758181,0.489747044461587,0.674791838275889,-0.375946836044294,-0.59703959910218,0.0897905599231279,-0.384905806127671,-1.80769263216737,-0.424522589145963,-0.952454203538719,-0.935234804570517,-0.924622065803275,-0.323961758400334,-0.294060439252578,0.68192389646733,-0.304508011186393,-0.304508011186393,0.781883598374444,0,1.24162851024093,1.32604416698007,-0.745173855606343,1.42887957971862,-0.898401133531846,0.0205418823606293,1.71391824893449,2615.0000000001,0.00508592438814575,0.0443314876360639,0.0172953805578188,1.8969414225469,1155.78593001263,0.125,51,2,"SNETWORK (2 17 1155.78593001263 0.0172953805578188 51 51)",454682.5,4500685.5
17,52,-0.84060534080576,9,-6.34848848278384,-1.82691635390754,-0.82927785419532,-0.839605386969632,-0.841155980269212,1.04417325188942,0.884129482006414,1.19710929899312,0.843193562085595,0.430471438116017,0.621404204506591,-0.206303901309133,0.430471438116017,0.430471438116017,0.873172343789351,-0.197319575396905,-0.332374805199869,-0.718855081689251,-0.0839406796996899,-1,1,-1,-1,-0.84060534080576,0,0.73423997683863,0,0,-0.491056641309916,0,-0.842861612994349,0.30662076472115,0.843208235319959,-0.773639579000341,0.350323390811692,0.0399851093800356,383.0000000001,0.214518368050523,0.234647620459926,6095.0000000001,2.28658020145858,2.5010985694091,0.11787870383842,-1.14974699810413,-0.0800999219746426,0.310138377564151,0.436969883945108,0.167733719481324,0.352583054289384,0.169477492023379,0.748536463790838,0.413348285313114,0.562708663300411,-0.766138022302778,-0.544555734366351,0.190265537365171,-0.366238907718007,-1.80769263216737,-0.424522589145964,-0.952454203538719,-0.935234804570517,-0.924622065803275,-0.517310583108197,-0.340433509104105,0.506037729387946,-0.459611919587708,-0.459611919587708,1.19470002570524,0,1.22088257145922,1.22627361940735,-0.749025170238828,1.40899565615976,-0.274073180078799,0.0205418823600649,1.2392054866332e-10,6095.0000000001,0.0101104160597214,0.107768287678699,0.0303571439894115,0.582769400440156,1177.53541343887,0.125,52,2,"SNETWORK (2 17 1177.53541343887 0.0303571439894115 52 52)",454677.064225073,4500670.5
17,53,-0.838552897730436,10,-6.34848848278384,-1.82691635390754,-0.82927785419532,-0.839605386969632,-0.841155980269212,1.04417325188942,0.884129482006414,1.19710929899312,0.842968621894459,0.430554495596944,0.621828512974207,-0.206663339220145,0.430554495596944,0.430554495596944,0.872943047121758,-0.197734879543773,-0.332801233586026,-0.71872873128675,-0.0844480521596327,-1,1,-1,-1,-0.838552897730436,0,0.656572011771075,0.994938423350756,1.00047696421267,-0.423557812423818,1.03298754863789,-0.840393438131457,0.319112348449609,0.838631198114796,-0.344980279830274,0.200857951823296,0.0399851093800356,348.0000000001,0.111754455919181,0.232584406534651,3554.0000000001,1.32158345267322,1.4333379084924,0.0601245335367535,-2.20722247675061,-1.15044212280096,1.21370215638891,0.316585200362012,-1.31855693219023,0.156577003564573,-1.1788025539272,0.588118181995869,-0.83309100710615,-1.34057270475479,-0.389705607293943,-0.573757434049186,0.190254388082847,-0.361175323233201,-1.80769263216737,-0.424522589145964,-0.952454203538716,-0.93523480457052,-0.924622065803275,-0.339865880165932,-0.523063672895268,0.44811526678321,-0.317966435829415,-0.317966435829415,0.821571118905826,0,1.10360109977326,1.04756230962043,-1.05601240806347,1.36336303834133,-0.0519340206095223,0.19760763550788,-7.98903544363340e-11,3554.0000000001,0.00468778818746421,0.0554367452492893,0.0333469707561509,0.96926195401372,1182.51385207399,0.125,53,2,"SNETWORK (2 17 1182.51385207399 0.0333469707561509 53 53)",454672.5,4500669.5
17,54,-0.83429584129753,12,-6.34848848278384,-1.82691635390754,-0.82927785419532,-0.839605386969632,-0.841155980269212,1.04417325188942,0.884129482006414,1.19558930237266,0.84244726518977,0.430694281227176,0.622823334054362,-0.207384728245668,0.430694281227176,0.430694281227176,0.872393422981322,-0.198790072523656,-0.333870334828899,-0.718057111544256,-0.0857880652209781,-1,1,-1,-1,-0.83429584129753,0,0.652587900642472,0.0651134541285718,0.0649735733026127,-0.453613871634438,0.0641368459352226,-0.833155184884551,1.28019758895447,0.837963887845853,0.087734861445885,0.372649141772301,0.0399851093800356,1063.0000000001,0.633329859938961,0.200989521953255,2515.0000000001,0.808179780929726,1.44150964076869,0.0674221638915588,-1.91137791305111,-2.19269986533028,1.24738240455724,1.27898784308862,-0.0272360849562318,1.00086830640186,-0.0264934305558771,1.24660405305835,-0.487362204343759,-0.818133277223178,-0.391833806383313,-0.601402687406807,-1.2924057587593,-0.395349690526539,-1.80769263216737,-0.424522589145964,-0.952454203538719,-0.935234804570517,-0.924622065803275,-0.459966223249488,-0.531576300930981,0.311210897199617,-0.415498758988282,-0.415498758988282,0.651982003693622,0,0.958051923764902,0.728345544041477,-1.5226105682088,1.32677750317731,0.149160376382984,0.178146783075925,-7.98903544363340e-11,2515.0000000001,0.0296220492319007,0.037800114559658,0.0403475541529821,0.709569403655602,1194.17070632348,0.125,54,2,"SNETWORK (2 17 1194.17070632348 0.0403475541529821 54 54)",454665.5,4500662.5
17,55,-0.831788743110583,13,-6.34848848278384,-1.82691635390754,-0.82927785419532,-0.839605386969632,-0.841155980269212,1.04590124039472,0.885751244673687,1.19558930237266,0.841934317464188,0.430918443325833,0.624035994639912,-0.208015012165987,0.430918443325833,0.430918443325833,0.871872546155113,-0.199757314900011,-0.334741945019476,-0.716567698590491,-0.087146728769465,-1,1,-1,-1,-0.831788743110583,0,0.7208993562163,-0.319765364868984,-0.318021684666321,-0.495026711938621,-0.308262142169933,-0.83136128207386,1.28018292152411,0.837760975318934,-0.135965617382269,0.374620643497227,0.0399851093800356,2549.0000000001,1.52671550243296,0.193840181633604,1825.0000000001,0.565591991318497,2.09230749365145,0.102387768397022,-0.876366445181205,-1.90123862785009,1.67414070570269,1.31439912237097,-0.596793426009766,1.08726229965986,-0.624364056396618,1.3110033977259,-0.727460422882094,-1.145844942859,1.05839306054265,0.575401093964431,-0.688743801051405,0.182254280003476,-1.579287640552,-0.536568971459265,-0.952454203538719,-0.935234804570514,-0.924622065803275,-0.414625115250507,0.579475237841168,-0.45242281051491,-0.37951281573375,-0.37951281573375,0.0405786754363154,-0.00204501810913682,0.115848100171651,-0.201876296225949,-1.06737876003173,0.37636335195172,0.0652005368321391,0.133766475644532,1.50091395863546,2549.0000000001,0.0747103346855617,0.02767743361146,0.0434960488123708,0.925012821412035,1199.4133470106,0.125,55,2,"SNETWORK (2 17 1199.4133470106 0.0434960488123708 55 55)",454661.5,4500659.5
17,56,-0.827531686677677,14,-6.34848848278384,-1.82691635390754,-0.82927785419532,-0.839605386969632,-0.841155980269212,1.03343224147512,0.876954178478822,1.17327460287649,0.825473740860491,0.440872215538176,0.608614725500082,-0.191872546245801,0.440872215538176,0.440872215538176,0.865840643961769,-0.210634862157501,-0.340085357940242,-0.689145732571114,-0.103980997458928,-1,1,-1,-1,-0.827531686677677,0,0.785293832826945,-0.331397740783182,-0.329557188689597,-0.520123696141089,-0.319269058125811,-0.827871682992749,1.71779023961181,0.821364806391117,0.146981771328106,0.390608850931709,0.0399851093800356,2245.0000000001,1.40202255284579,0.559341351520496,3466.0000000001,3.09957436455483,4.50159691730061,0.220588729509252,-0.410745463210747,-0.880950483668621,1.35846389668807,1.3143840897964,-0.134874339722895,1.33570365041078,-0.141579939482573,1.48660057836316,-0.0547413250247141,-0.122189271932686,-0.41241616630516,-0.423217594710201,-1.27169163259786,-0.353265162268378,-1.80769263216737,-0.424522589145964,-0.952454203538722,-0.935234804570517,-0.924622065803279,-0.576098653700165,-0.479425222084376,0.298188098405842,-0.503265412889319,-0.503265412889319,0.678774061638214,0,0.718395219631395,0.479588691423376,-1.34423997589095,1.04489588598276,0.350254773375491,0.558893584890745,-7.98903544363340e-11,3466.0000000001,0.0687023692262597,0.151886360182992,0.0470816262877426,0.008716712705791,1205.38378570998,0.125,56,2,"SNETWORK (2 17 1205.38378570998 0.0470816262877426 56 56)",454656.772201988,4500658.5
17,57,-0.824565613821517,15,-6.34848848278384,-1.82691635390754,-0.82927785419532,-0.839605386969632,-0.841155980269212,1.03105674185629,0.876021070198618,1.17090928392247,0.824920850484147,0.441303386791561,0.609683354580723,-0.192376963661945,0.441303386791561,0.441303386791561,0.865286669908852,-0.211536289729412,-0.340874765923959,-0.687962662047885,-0.105209417378081,-1,1,-1,-1,-0.824565613821517,0,0.802928734005604,-0.254255651637356,-0.253013396959277,-0.524497559778461,-0.246006030455015,-0.826045709686677,1.39408831886514,0.820632647788829,-0.406653268969031,0.428028367459151,0.0399851093800356,4961.0000000001,3.39498886525747,0.193152835045395,754.0000000001,0.232846121005127,3.6278349861626,0.176167078555461,-0.361953351759491,-0.421953088630771,1.0367911946846,1.76288559834942,0.919725541391995,1.13901809350979,0.954199557379013,1.341581337372,0.974518422415912,1.40711594978831,0.401305209438329,0.236506767036598,-0.739322979631341,0.00743508782093991,-1.57944061106803,-0.53649392924942,-0.952454203538722,-0.93523480457052,-0.924622065803279,-0.40060041426344,0.612458629589726,-0.431730718318979,-0.368179210814295,-0.368179210814295,-0.348891432511969,-0.0092323389381308,0.690544255838852,0.481270216840663,-1.39602599743579,1.0291166164215,0.291295370168431,0.190848321850421,1.67788817782188,4961.0000000001,0.164860108594061,0.0113069698614003,0.0504067219137293,0.378837384283543,1210.9204892789,0.125,57,2,"SNETWORK (2 17 1210.9204892789 0.0504067219137293 57 57)",454652.063925544,4500656.5
17,58,-0.820917694583109,17,-6.34848848278384,-1.82691635390754,-0.82927785419532,-0.839605386969632,-0.841155980269212,1.02391469144744,0.86953510541412,1.16656940753247,0.820958119079553,0.443147628141196,0.60796602194711,-0.190819944184693,0.443147628141196,0.443147628141196,0.872272123710006,-0.216667493255414,-0.345206048706873,-0.677712076925138,-0.112759790102479,-1,1,-1,-1,-0.820917694583109,0,0.919835917092041,-0.244738640550484,-0.243563010431353,-0.563086394241336,-0.236923590406634,-0.821593247598912,1.32082210413756,0.816582764777314,-0.590106086023211,0.321238044069009,0.0399851093800356,1566.0000000001,0.804294882024011,1.03831071761092,93.0000000001,0.154385624992527,0.958680506916538,0.0465013140974544,0.0073187386927227,-0.354457077749791,1.05860605045549,1.09306332096221,-0.00780967687940548,1.09431197054372,-0.00820799624020264,1.30653740981858,0.00944848021553595,-0.0518108113609008,-0.314981015051869,-0.411475872842095,-1.29110205293543,-0.352793951507778,-1.80769263216737,-0.424522589145964,-0.952454203538719,-0.935234804570517,-0.924622065803275,-0.470553923503831,-0.543575753519266,0.264266962240192,-0.423759851130222,-0.423759851130222,0.831842550100629,-0.00322580645161286,0.559140194936877,0.270589761799146,-1.36983157798385,0.891324991189778,0.350254773375491,0.765557036792659,-7.98903544363340e-11,1566.0000000001,0.0390127561632494,0.00748855783420501,0.056701900931004,0.371710821054876,1221.40275627282,0.125,58,2,"SNETWORK (2 17 1221.40275627282 0.056701900931004 58 58)",454642.824299237,4500653.5
17,59,-0.813697181138308,19,-6.34848848278384,-1.82691635390754,-0.82927785419532,-0.839605386969632,-0.841155980269212,1.02152880997899,0.867377839065101,1.15965285397334,0.819688363234262,0.443952274465459,0.610475627669221,-0.19186825118108,0.443952274465459,0.443952274465459,0.873731535498957,-0.218518273346584,-0.346700818381283,-0.674639241601881,-0.115389302079721,-1,1,-1,-1,-0.813697181138308,0,0.852286237213322,-0.272790378926302,-0.271413846249386,-0.542134357818006,-0.26366662278388,-0.814803896975435,0.951991167006762,0.815515905099694,-0.779697644625648,0.742806101721167,0.0399851093800356,3196.0000000001,3.79558575232326,0.318620247276931,632.0000000001,0.321948957540036,4.1175347097633,0.200383000355499,0.790567316298571,0.372552560690481,0.902897481802965,1.11598963708973,0.235542265573833,0.873200666128457,0.244748897163294,1.1401625563225,0.324384785687761,0.419381544727609,-0.296375579981175,-0.108997212298176,-1.19495969795294,-0.279068779390323,-1.80769263216737,-0.424522589145964,-0.952454203538716,-0.935234804570517,-0.924622065803272,-0.94098671246574,-0.358234028637785,-0.0394273892377842,-0.741916128608145,-0.741916128608145,1.36836829254641,-0.00798741080521526,0.681329768091117,0.399562274135591,-1.01423035376969,0.930493458645112,0.351357889341073,0.383521817341088,-7.98903544363340e-11,3196.0000000001,0.184715106097968,0.0156678941575309,0.063225827749223,0.601454598464638,1232.26591720435,0.125,59,2,"SNETWORK (2 17 1232.26591720435 0.063225827749223 59 59)",454634.169219773,4500648.16921977
17,60,-0.805337094289903,21,-6.34848848278384,-1.82691635390754,-0.82927785419532,-0.839605386969632,-0.841155980269212,0.957557753885889,0.820597437787724,1.06586902939318,0.746021501759579,0.474524914302371,0.553490500215314,-0.173703956316954,0.474524914302371,0.474524914302371,0.852172428912186,-0.183978661699675,-0.296453589063111,-0.562531916474935,-0.0910510906350666,-1,1,-1,-1,-0.805337094289903,0,0.49213195787035,0.101596264014584,0.101409487851451,-0.369326300433016,0.100277664055813,-0.805420590555466,1.21307622750225,0.814530628809186,-0.422779034542459,0.275679381300872,0.0399851093800356,815.0000000001,0.359218312801595,0.156947633594502,552.0000000001,0.138512964498713,0.497731277200308,0.0231803886793606,0.833635881836051,0.780779179555134,0.462138360919729,0.952347763579967,0.621184102169338,0.952843430907021,0.619001915659709,1.19981135452774,0.645971291128975,1.00980883128478,-0.407652290971822,-0.226551507328516,-0.457812666603842,-0.363233973523363,-1.80769263216737,-0.424522589145963,-0.952454203538716,-0.935234804570514,-0.924622065803275,-0.807490211390017,-0.352164683307566,-0.154541715323125,-0.660685820886974,-0.660685820886974,1.11731528578366,0,1.1245666093477,0.881739486236954,-0.946010107346481,1.35861370014865,0.173471124653382,0.149513412879793,-7.98903544363340e-11,815.0000000001,0.0167295495709166,0.00645083900844399,0.0705411200130074,0.225368358194828,1244.44680140751,0.125,60,2,"SNETWORK (2 17 1244.44680140751 0.0705411200130074 60 60)",454623.922389726,4500645.5
17,61,-0.802219459238777,22,-6.34848848278384,-1.82691635390754,-0.82927785419532,-0.839605386969632,-0.841155980269212,0.957557753885889,0.820597437787724,1.06586902939318,0.745512758523551,0.475082632062338,0.554375040575617,-0.17372122782755,0.475082632062338,0.475082632062338,0.8516379952861,-0.185139389783618,-0.297492091902071,-0.561921937998887,-0.0925108703468161,-1,1,-1,-1,-0.802219459238777,0,0.1680185662557,-0.0269006701830807,-0.0268217879536562,-0.141967447303321,-0.0263608225569222,-0.802250449519304,0.474976463774547,0.74193814933316,-0.213567937825209,0.435316839791887,0.0399851093800356,1389.0000000001,0.96672797873355,0.176485963020136,1092.0000000001,0.308126734900565,1.27485471353411,0.0602749607677779,0.374451716476409,0.80472658845993,0.609278433094104,1.24560678133105,0.805251875273728,0.487761621831072,0.814014156862667,0.808665701101854,0.742615111364356,1.1630797820594,-0.329298190509063,-0.160474360703898,-1.18031567921786,-0.319094657358323,-1.80769263216737,-0.424522589145966,-0.952454203538716,-0.935234804570517,-0.924622065803275,-0.608595183729599,-0.574362096693804,-0.122802922741682,-0.52673394623106,-0.52673394623106,0.862665036844093,0,0.1260830187534,-0.269815640700738,-1.51748763532961,0.492002921443906,0.295884435909508,0.194240529984994,-7.98903544363340e-11,1389.0000000001,0.0457067697789777,0.0145681908888002,0.0736322913738859,0.259318258613348,1249.59399157316,0.125,61,2,"SNETWORK (2 17 1249.59399157316 0.0736322913738859 61 61)",454618.77519956,4500645.5
17,62,-0.796670659120011,23,-6.34848848278384,-1.82691635390754,-0.82927785419532,-0.839605386969632,-0.841155980269212,0.957557753885889,0.820597437787724,1.06117245848924,0.744943050188992,0.47561854939924,0.555776498718448,-0.173793732990861,0.47561854939924,0.47561854939924,0.851045396544794,-0.18566623085945,-0.297800308040693,-0.560475796262652,-0.0933421792101121,-1,1,-1,-1,-0.796670659120011,0,0.172913419168302,0.0261253471159617,0.0260605552506797,-0.143137963966416,0.0256772735117446,-0.799366926066496,0.625857119627362,0.741461200300813,-0.204817671603622,0.324619373341505,0.0399851093800356,1144.0000000001,0.593740992368257,0.413696865912128,1217.0000000001,0.804950887472095,1.39869187974035,0.0657195560678689,0.349157792402788,0.352074444540699,0.852330427147885,0.489132097724034,-0.514336721110731,0.58643130305064,-0.515778337591998,0.885613686546015,-0.377546924000454,-0.629285768158171,-0.629999432169559,-0.426618213234197,0.185641450094982,-0.348676650927455,-1.80769263216737,-0.424522589145966,-0.952454203538719,-0.93523480457052,-0.924622065803275,-0.269241307846108,-0.761985801572768,-0.0460949048836303,-0.257194327187136,-0.257194327187136,0.305792142657842,0,0.446696440228991,0.0415919941692273,-1.67565466374937,0.850267371543226,0.152893857879361,0.0767738887298438,-4.38991560392136e-11,1217.0000000001,0.0278977771586299,0.037821778809239,0.077428032800225,0.256793197244406,1255.91437975618,0.125,62,2,"SNETWORK (2 17 1255.91437975618 0.077428032800225 62 62)",454613.697452064,4500644.5
17,63,-0.794922708631024,24,-6.34848848278384,-1.82691635390754,-0.82927785419532,-0.839605386969632,-0.841155980269212,0.955080204032303,0.818363462567719,1.05911706006305,0.744852653663582,0.475775434241937,0.556625410414825,-0.173856773099206,0.475775434241937,0.475775434241937,0.850697461769899,-0.186199932288718,-0.298222925407751,-0.559693268028542,-0.094087196332313,-1,1,-1,-1,-0.794922708631024,0,0.376065564955777,0.108162530259902,0.107969707724334,-0.296381861317779,0.106798090227796,-0.797320670727381,0.875087962913269,0.740850370838332,-0.832822262111415,0.720172472877796,0.0399851093800356,1864.0000000001,2.14624353459543,0.262310195149453,1782.0000000001,0.747342094270844,2.89358562876627,0.134656556679331,0.384589363994269,0.327140333515578,0.451636250719091,0.643768912430812,0.239625012119882,0.739157974308711,0.239123105883907,1.00326621684967,0.315999266627596,0.396757129750915,-0.139793259366624,-0.136478297049697,-1.14405349361454,-0.304533472379132,-1.80769263216737,-0.424522589145963,-0.952454203538719,-0.935234804570517,-0.924622065803275,-0.629005414304552,-0.589390765140866,-0.22749054628303,-0.541238357091155,-0.541238357091155,1.32306186492818,0,0.155050408653809,-0.179378774294111,-1.54110892319097,0.526556495934405,0.0170793817724624,0.0280994377103328,-7.98903544363340e-11,1864.0000000001,0.0998780755173353,0.0347784810619953,0.0804751371183394,0.228194231167436,1260.98819273801,0.125,63,2,"SNETWORK (2 17 1260.98819273801 0.0804751371183394 63 63)",454608.623639082,4500644.5
17,64,-0.793935457531501,25,-6.34848848278384,-1.82691635390754,-0.82927785419532,-0.839605386969632,-0.841155980269212,0.952599885966589,0.815909552081534,1.05911706006305,0.743675396588477,0.476693264384504,0.5588730011842,-0.173687015824828,0.476693264384504,0.476693264384504,0.849730568194118,-0.187008548177855,-0.298666748863218,-0.556976448561913,-0.0954345171273738,-1,1,-1,-1,-0.793935457531501,0,0.481652748427465,0.189694672225839,0.189487407669639,-0.359576039878308,0.188162170823119,-0.79622438847479,0.464207369730384,0.740421535085563,-0.420518607117563,0.606966507623148,0.0399851093800356,3375.0000000001,3.27517928951016,0.252637889387243,2044.0000000001,0.825611912017091,4.10079120142725,0.189018771639593,-0.270061095543679,0.362067881225657,0.23613675681355,0.899204332661309,0.878474135336414,0.433735932009549,0.866290286177473,0.765348379131455,0.713954459149917,0.985955237401389,0.0391264062340826,-0.0120583192160927,0.185571925885436,-0.257559166883926,-1.80769263216737,-0.424522589145964,-0.952454203538719,-0.935234804570514,-0.924622065803275,-0.830342538432418,-0.555482214645503,-0.310443718583247,-0.675063411662107,-0.675063411662107,1.2086280472251,-0.00289406039844109,0.0617914509872852,-0.169917693140563,-1.17267134630487,0.346854712429112,0.00418534599303826,-0.477701708101052,-7.32965793336345e-11,3375.0000000001,0.150963639810742,0.0380551317288514,0.0840496808996122,0.71507592367448,1266.94025894518,0.125,64,2,"SNETWORK (2 17 1266.94025894518 0.0840496808996122 64 64)",454603.5,4500644.5
17,65,-0.791958947575482,26,-6.34848848278384,-1.82691635390754,-0.82927785419532,-0.839605386969632,-0.841155980269212,0.947630926620178,0.812633370779078,1.05473564520704,0.742180700552049,0.478616633680194,0.562276180115294,-0.173197480022845,0.478616633680194,0.478616633680194,0.849578477453805,-0.188449498633876,-0.29972762109481,-0.553997738139047,-0.0975689128572975,-1,1,-1,-1,-0.791958947575482,0,0.566654402138197,-0.269635654994297,-0.268282399722549,-0.423772172626527,-0.26066327308395,-0.794069683239271,0.243229464147433,0.739404880569243,-0.475188898842844,0.173181380132059,0.0399851093800356,831.0000000001,0.230090556580732,0.168121296722771,2958.0000000001,0.795092167291843,1.02518272377258,0.0498728055267244,0.289260351906882,-0.283269994908357,0.201578255310871,0.478094908159511,0.370471848150068,0.358308528749162,0.384927852608247,0.704958217585495,-0.0159443482462041,-0.0924429849331766,-0.344045999942483,-0.283484985956305,-1.1929638465763,-0.331276614234814,-1.80769263216737,-0.424522589145963,-0.952454203538719,-0.935234804570517,-0.924622065803275,-0.671135530497587,-0.598287280213853,-0.281774108445324,-0.570614056719828,-0.570614056719828,0.807916949878346,0,0.230969177133921,0.0358414203046038,-1.09046157094683,0.497111271658981,-0.202527412234146,-0.645948313818478,-7.98903544363340e-11,2958.0000000001,0.0111933817151949,0.0386794237115295,0.0875793919271689,0.987126891985577,1272.81767296323,0.125,65,2,"SNETWORK (2 17 1272.81767296323 0.0875793919271689 65 65)",454597.879574598,4500643.8795746
17,66,-0.78884146454618,27,-6.34848848278384,-1.82691635390754,-0.82927785419532,-0.839605386969632,-0.841155980269212,0.945142276024185,0.810549661495203,1.05473564520704,0.741554231608512,0.479294987303495,0.56362449612109,-0.17299845134063,0.479294987303495,0.479294987303495,0.848926740956258,-0.189217502091263,-0.300376376843449,-0.55272391514012,-0.098660100710226,-1,1,-1,-1,-0.78884146454618,0,0.721393221909141,-0.98503934387383,-0.973886976259065,-0.514027476856018,-0.915256457654708,-0.791634002180115,0.207792419058619,0.738089086966845,-0.204373612758692,0.285746802542047,0.0399851093800356,1677.0000000001,0.766145079138006,0.162358342902237,1865.0000000001,0.484116651376027,1.25026173041403,0.0661708060622532,-0.253312945505826,0.268094950636334,0.24322116900018,0.25161577969352,0.0128411924933584,0.480752659626229,0.0122657458435025,0.801337509909903,-0.204110213597806,-0.371095462242422,-0.252725613290155,-0.186416816976858,-1.18031567921786,-0.318461226499812,-1.80769263216737,-0.424522589145964,-0.952454203538719,-0.935234804570517,-0.924622065803275,-0.912798085067433,-0.522817650793373,-0.320158040773328,-0.725309179330677,-0.725309179330677,1.09033978822493,0,0.151636514747718,-0.0558792189332953,-1.1250132232179,0.425715023519998,-0.549993399207242,-0.995687617471368,-7.98903544363340e-11,1865.0000000001,0.0405486596404302,0.025622146321823,0.0904803499121359,0.465047424659133,1277.64813386881,0.125,66,2,"SNETWORK (2 17 1277.64813386881 0.0904803499121359 66 66)",454593.620552201,4500642.5
17,67,-0.784357704381391,29,-6.34848848278384,-1.82691635390754,-0.82927785419532,-0.839605386969632,-0.841155980269212,0.945142276024185,0.810549661495203,1.05047486942903,0.740126807404947,0.480793090889035,0.566623909794401,-0.172763197935617,0.480793090889035,0.480793090889035,0.847448030855121,-0.190951447004971,-0.301909091505968,-0.549999428969636,-0.101102042702118,-1,1,-1,-1,-0.784357704381391,0,0.858311387132471,-1.02803796326316,-1.01600175435905,-0.561838082193963,-0.952952391282115,-0.785373870871749,0.11629565512711,0.736285884923495,-0.0695100202934585,0.350446572941262,0.0399851093800356,967.0000000001,0.541807317179872,0.142087844882001,2290.0000000001,0.520222322744927,1.0620296398248,0.0564945996279566,-0.243734974989729,-0.263200018731455,0.295506370132417,0.259061140555597,-0.0505874882783454,0.411720563429722,-0.0598889730955103,0.745963202894841,-0.0299812648645717,-0.114365828537275,-1.04956052268042,-1.12825236603319,-1.09622591828486,-0.484416249046474,-1.80769263216737,-0.424522589145964,-0.952454203538719,-0.935234804570517,-0.924622065803275,-0.419607860760846,-0.636452387181809,0,-0.383516223886296,-0.383516223886296,0.940169215506801,0,1.0972523784361,1.00320961670345,-1.96405485964394,1.56960265680922,-0.0145385183351746,-1.67352798459162,-7.98903544363340e-11,2290.0000000001,0.0288214059710007,0.027673193556956,0.0978803249365841,1.918945947662,1289.97002554843,0.125,67,2,"SNETWORK (2 17 1289.97002554843 0.0978803249365841 67 67)",454583.955514771,4500637.5
17,68,-0.781392543656169,30,-6.34848848278384,-1.82691635390754,-0.82927785419532,-0.839605386969632,-0.841155980269212,0.945142276024185,0.810549661495203,1.05047486942903,0.739948116598904,0.480866687484132,0.566845080495509,-0.172791311794753,0.480866687484132,0.480866687484132,0.847258516802458,-0.191360358300996,-0.302334664158629,-0.549445663385352,-0.101670575029099,-1,1,-1,-1,-0.781392543656169,0,0.668518248216502,-1.04842661196053,-1.03595939684903,-0.495169414249721,-0.970763250135346,-0.783139482965869,0.304108367242321,0.736041134762158,-0.42864203097336,0.438603579864795,0.0399851093800356,3578.0000000001,2.50904865283829,0.144644521652826,1070.0000000001,0.247447084808908,2.75649573754719,0.146985087278011,-0.0734293929320469,-0.257318370682621,0.26138270415684,0.121521966178757,-0.185629412123685,0.573899338392151,-0.213959044330985,0.873298606695353,-0.121934155941061,-0.249002951747543,0.290426692821501,0.174955746639673,-0.959541923963623,-0.1972789509767,-1.80769263216737,-0.424522589145964,-0.952454203538719,-0.935234804570514,-0.924622065803275,-1.06667144313546,-0.306223198643302,-0.414074315872956,-0.812590529963927,-0.812590529963927,0.797150047418444,0,0.407933116331634,0.255330214547278,-1.32702808890991,0.72980440590512,-0.813800870508817,-1.5087496848275,-7.98903544363340e-11,3578.0000000001,0.133790424540307,0.0131946626377035,0.100783197820599,0.610636540688574,1294.80367500242,0.125,68,2,"SNETWORK (2 17 1294.80367500242 0.100783197820599 68 68)",454579.121865317,4500637.5
17,69,-0.775691725276969,32,-6.34848848278384,-1.82691635390754,-0.82927785419532,-0.839605386969632,-0.841155980269212,0.944379067375598,0.812233469261829,1.05257114158748,0.736836794328985,0.485541371937964,0.572474471236229,-0.171136412752554,0.485541371937964,0.485541371937964,0.844048356005226,-0.194842374268941,-0.305440677546502,-0.542020724045933,-0.106855756211328,-1,1,-1,-1,-0.775691725276969,0,0.574611714478471,-0.17453669003177,-0.173803938972786,-0.424360004309358,-0.169626992669456,-0.77611302601397,0.502491229710027,0.732888669008877,0.232018289340939,2.25256497140102,0.0399851093800356,1470.0000000001,5.29408897067108,0.479377370585118,142.0000000001,0.108833462973275,5.40292243354435,0.259918154929801,-0.4237730601237,-0.286900398884857,-0.419899498898867,0.278148000479676,0.980470020530106,0.539827474729575,1.00796149689924,0.845215959720862,1.2396515561342,1.76193940125902,0.485356546863417,-0.0851364620215534,-0.93823734551501,-0.256446800498247,-1.80769263216737,-0.424522589145964,-0.952454203538719,-0.935234804570517,-0.924622065803275,-1.10820411154771,-0.256642998242757,0.0122007036029157,-0.834781415025383,-0.834781415025383,0.294262323534328,0,0.303467417671702,0.101578427080397,-1.13410162166777,0.579967013594669,-0.931092791240801,-1.82724803189884,0.93845103200942,1470.0000000001,0.254682508158537,0.00523564667126375,0.107051947335092,0.275679551996291,1305.24193354101,0.125,69,2,"SNETWORK (2 17 1305.24193354101 0.107051947335092 69 69)",454569.512033903,4500635.5
17,70,-0.768166719245829,33,-6.34848848278384,-1.82691635390754,-0.82927785419532,-0.839605386969632,-0.841155980269212,0.951311389934298,0.816136921131777,1.06051995530668,0.733000197611009,0.492397793410958,0.578873212889482,-0.17264402586034,0.492397793410958,0.492397793410958,0.840007414214126,-0.198274348116043,-0.307983531851841,-0.533229151031345,-0.112188260358314,-1,1,-1,-1,-0.768166719245829,0,0.5699963506792,-0.117051540883984,-0.116617958163987,-0.419956080341232,-0.11412508181127,-0.770578933797114,-0.429484495159381,0.729788500298616,0.411239306142356,4.39282634986185,0.0399851093800356,269.0000000001,1.88926504934543,0.175199766516807,2072.0000000001,0.580389903132036,2.46965495237746,0.118007838317985,-0.23366056158521,-0.434795364383344,-0.369603176171845,0.517331841008658,1.22898536158862,-0.29890887091855,1.25507764879046,0.152690208181533,1.18323397033287,1.6781467489774,-0.521902498159739,-0.427792581070148,0.185050768969045,-0.408319573592886,-1.80769263216737,-0.424522589145964,-0.952454203538719,-0.93523480457052,-0.924622065803275,-1.06842184833301,0.355475161342717,-0.438126395543262,-0.813537136971591,-0.813537136971591,-0.638042792946609,0,2.12393118868847,2.21111294568188,-0.560131577441336,2.26956191697573,-0.643525676878757,-0.785068016417873,-2.52249144249956e-11,2072.0000000001,0.0902749933048945,0.0277328449130903,0.110071621922795,1.14429255836553,1310.27007256235,0.125,70,2,"SNETWORK (2 17 1310.27007256235 0.110071621922795 70 70)",454565.660184837,4500632.66018484
17,71,-0.762998496854529,34,-6.34848848278384,-1.82691635390754,-0.82927785419532,-0.839605386969632,-0.841155980269212,0.951311389934298,0.816136921131777,1.06305582209365,0.732485147640651,0.493230575035016,0.578767202338306,-0.17231996238729,0.493230575035016,0.493230575035016,0.839462059250805,-0.199830008615714,-0.309663674248264,-0.532736360378801,-0.114092837103085,-1,1,-1,-1,-0.762998496854529,0,0.569944528476247,-0.203597079345034,-0.202691360438548,-0.423055345924761,-0.197548963878708,-0.76538883161201,-0.37790954315688,0.728583576427422,0.736520344550691,0.243933902167297,0.0399851093800356,51.0000000001,0.0198901892733801,0.197474336917197,1976.0000000001,0.623870110123081,0.643760299296461,0.0310752972198679,-0.238792992805968,-0.247387268588296,-0.403703695997953,-0.437845326423815,0,-0.227592933049604,0,0.214164951530475,0,-0.0704403224104744,-0.24505783060034,-0.193011671600044,-0.99546850187491,-0.333335264524975,-1.80769263216737,-0.424522589145963,-0.952454203538716,-0.935234804570517,-0.924622065803272,-0.928854445316507,-0.181843740275212,-0.00521684434642651,-0.734803478496314,-0.734803478496314,-0.955928355506809,0,1.03397613508597,0.943657251396565,-0.513498968688235,1.16658393514219,-1.27505378507062,-1.73728028004289,-7.98903544363340e-11,1976.0000000001,0.0009601299413845,0.0301151671784834,0.114151579372004,2.17193288821727,1317.06371626797,0.125,71,2,"SNETWORK (2 17 1317.06371626797 0.114151579372004 71 71)",454560.17553255,4500629.5
17,72,-0.760717646333996,35,-6.34848848278384,-1.82691635390754,-0.82927785419532,-0.839605386969632,-0.841155980269212,0.951311389934298,0.816136921131777,1.0680728669956,0.731753566458264,0.494225226145632,0.579742688574654,-0.172623363745553,0.494225226145632,0.494225226145632,0.838706471483479,-0.201135655576728,-0.310953553100284,-0.532151996325418,-0.115717887758867,-1,1,-1,-1,-0.760717646333996,0,0.575928959850766,-0.290950017653324,-0.289436119120843,-0.429166336722663,-0.280934259093107,-0.763183095215253,-0.412876963793915,0.728213313362836,0.208948661079569,0.149550808109817,0.0399851093800356,67.0000000001,0.0160199126534756,0.291178644539321,2592.0000000001,1.20667715781098,1.22269707036446,0.0596306849418623,-0.0172073131127438,-0.252446689558909,0.549144736773666,-0.384986421143726,-1.26037461358281,-0.247689137406799,-1.31370485719287,0.196580244294597,-1.15372430333042,-1.766890509005,0.255868739408376,0.168805405667744,-0.483238959419311,-0.121815706381623,-1.57692320389158,-0.537728868829696,-0.952454203538719,-0.935234804570514,-0.924622065803275,-0.795227881826505,0.378037816202365,-0.139765527930126,-0.652888109565984,-0.652888109565984,0.781965641206499,0,0.896996175049581,0.644293104797739,-1.17444504550149,1.18408762271846,0.0556280987120511,0.272887209957197,-7.98903544363340e-11,2592.0000000001,0.000781287843000952,0.0588493969988613,0.116607697302433,1.69960527345025,1321.15346238078,0.125,72,2,"SNETWORK (2 17 1321.15346238078 0.116607697302433 72 72)",454556.5,4500628.5
17,73,-0.759654310093344,36,-6.34848848278384,-1.82691635390754,-0.82927785419532,-0.839605386969632,-0.841155980269212,0.951311389934298,0.816136921131777,1.06373731469515,0.729325473740861,0.496585245714275,0.578900277578227,-0.173276034361685,0.496585245714275,0.496585245714275,0.836185928017083,-0.205435569775652,-0.314746406062284,-0.52759419865568,-0.121452854459296,-1,1,-1,-1,-0.759654310093344,0,0.604039440482715,-0.231344426482193,-0.230259896090931,-0.440793565434264,-0.224124561357033,-0.762517200552271,0.564194709071186,0.725395548684886,-0.829809268928113,3.23748553250741,0.0399851093800356,243.0000000001,1.25779737648538,0.347101596714807,2333.0000000001,1.29469635336417,2.55249372974955,0.123615292832117,0.0172966424694515,-0.0340131272944529,-0.072218977137846,-0.420824352224155,-0.438468157011945,0.597487023639624,-0.453822590788996,0.886617557107972,-0.23262743498263,-0.410767505142564,0.0132174831164061,-0.155836342579335,0.18486403616792,-0.258339368307214,-1.80769263216737,-0.424522589145964,-0.952454203538716,-0.935234804570514,-0.924622065803272,-0.765795641607749,-0.426979340889988,0.163353989967945,-0.633932711698133,-0.633932711698133,-0.115972703093781,0,0.328637705558328,0.156000392190904,-0.794366696060373,0.525643153776599,-1.34501775941015,-1.70805830763158,-6.58096235876584e-11,2333.0000000001,0.0609141519422713,0.0627011407898454,0.120523362256622,0.469206771813333,1327.67353836208,0.125,73,2,"SNETWORK (2 17 1327.67353836208 0.120523362256622 73 73)",454550.808351143,4500628.5
17,74,-0.757602019039843,37,-6.34848848278384,-1.82691635390754,-0.82927785419532,-0.839605386969632,-0.841155980269212,0.953049338778018,0.819163647861594,1.06373731469515,0.728026286468691,0.497797388578915,0.581559681968059,-0.174774486761249,0.497797388578915,0.497797388578915,0.834851408898677,-0.2067057417646,-0.315846847652824,-0.526541066111511,-0.123103460900498,-1,1,-1,-1,-0.757602019039843,0,0.679557745000894,0.229788559194132,0.229615220100996,-0.460505529590262,0.228447046949435,-0.760082957404704,-0.0729652657248354,0.724715687125619,-0.919236004128703,1.72245602053932,0.0399851093800356,499.0000000001,1.37418518487873,0.149174473100309,2072.0000000001,0.494175076301464,1.86836026108019,0.0857148061515573,0.69848593779123,0,0.303791651365935,0.580571422324125,0.360414694581801,-0.0158717158599677,0.354478488784933,0.392445662818693,0.475587263577331,0.630335826131767,-0.296644982458568,-0.330385857068792,0.184819867927905,-0.310396570203644,-1.80769263216737,-0.424522589145964,-0.952454203538719,-0.935234804570517,-0.924622065803279,-0.68661537141556,-0.478343816963439,0.13185023388603,-0.581219715936787,-0.581219715936787,-0.743328963300981,0,0.505986916021129,0.34618573880443,-0.613554925086098,0.66100140878951,-1.74954486033678,-1.70805830763164,-7.98903544363340e-11,2072.0000000001,0.063043524876962,0.0226712811745952,0.12366690786838,0.930673131719232,1332.90793826074,0.125,74,2,"SNETWORK (2 17 1332.90793826074 0.12366690786838 74 74)",454546.40237837,4500626.5
17,75,-0.7535730660085,39,-6.34848848278384,-1.82691635390754,-0.82927785419532,-0.839605386969632,-0.841155980269212,0.962516388730484,0.82794302350926,1.07092614855342,0.725057916843606,0.499968494594288,0.589054375249363,-0.177089305046922,0.499968494594288,0.499968494594288,0.831767902202343,-0.20957992885021,-0.318536249553284,-0.522500771538614,-0.127080832557379,-1,1,-1,-1,-0.7535730660085,0,0.755387935967122,-0.124114234536861,-0.123646966152004,-0.50309033139618,-0.120963403131882,-0.755806254045282,0.361288677763822,0.721186682662589,-1.09762493956238,0.447339748294613,0.0399851093800356,1441.0000000001,1.03061876207584,0.27136514611609,2857.0000000001,1.23954095710944,2.27015971908528,0.108565373114485,-0.222428558638304,0.5011874988236,0.249012517645688,0.322717670825565,0.098556526231685,0.421651807790568,0.100931080137878,0.746684644133718,0.0406545140784851,-0.00821848121649846,0.684590076394045,0.0575849479588481,-0.816651746516687,-0.151401562334038,-1.57645319750928,-0.53795943558603,-0.952454203538719,-0.935234804570517,-0.924622065803275,-0.0499699362728521,0.787692953457277,-0.447185196730629,-0.0509729390620827,-0.0509729390620827,0.206001811530254,-0.0013028241568962,0.647403007662686,0.469881428950168,-1.01966856809601,0.897774306450483,0.0137481202387259,0.273818763674509,0.399169396010855,2857.0000000001,0.0492870653081831,0.0592783077063023,0.130785321041983,1.53094300113275,1344.76099394891,0.125,75,2,"SNETWORK (2 17 1344.76099394891 0.130785321041983 75 75)",454538.878022153,4500618.87802215
17,76,-0.736166422328205,43,-6.34848848278384,-1.82691635390754,-0.82927785419532,-0.839605386969632,-0.841155980269212,0.9323815457644,0.806935493219695,1.04005809795314,0.707146791343797,0.507305082624697,0.571200084427835,-0.169337636373627,0.507305082624697,0.507305082624697,0.817301214707656,-0.223437216677869,-0.329362774343531,-0.490190851855196,-0.148142384415495,-1,1,-1,-1,-0.736166422328205,0,0.862191428930185,-0.178957365561589,-0.178199245172998,-0.543155235668368,-0.173880360925369,-0.738003487097343,-0.144227642785934,0.703370126046333,0.137635718193302,0.192482075321102,0.0399851093800356,142.0000000001,0.0436993736564683,0.379804810026896,2054.0000000001,1.24726137764207,1.29096075119854,0.0621364638804536,0.686848035985386,0.818581335342278,-0.286256492624961,0.0745507737163633,0.504018738044203,0,0.518446840483784,0.395564559256585,0.522308126956319,0.705785993050112,0.180614884477598,-0.105860017006859,-1.14885136230775,-0.30374940857256,-1.80769263216737,-0.424522589145964,-0.952454203538719,-0.935234804570517,-0.924622065803275,-0.951374826070446,-0.305311952469971,0.138968083856281,-0.747964653498619,-0.747964653498619,0.331935035212521,0,0.255433648974839,0.270712068289316,-0.529955480117737,0.390391448066645,-1.29825162057471,-0.966628047069285,-7.98903544363340e-11,2054.0000000001,0.0021033362477592,0.0600331275326944,0.145144350417732,1.70968923158944,1368.67058877969,0.125,76,2,"SNETWORK (2 17 1368.67058877969 0.145144350417732 76 76)",454517.610290599,4500618.5
17,77,-0.731833280754171,44,-6.34848848278384,-1.82691635390754,-0.82927785419532,-0.839605386969632,-0.841155980269212,0.934124527112273,0.809999166630257,1.04514838695114,0.705307327163946,0.509963344306745,0.574652199282159,-0.170811357564647,0.509963344306745,0.509963344306745,0.815341352793507,-0.225215288942301,-0.331248291680609,-0.488507673602279,-0.150483832536189,-1,1,-1,-1,-0.731833280754171,0,0.999470370269408,-0.152262323077916,-0.151652261141307,-0.584161592028156,-0.148163531807134,-0.734817823463057,-0.292444026585651,0.702263520616017,0.314824104433481,0.808719796294157,0.0399851093800356,71.0000000001,0.0918021807337138,0.190662176058807,1485.0000000001,0.452676108226365,0.544478288860078,0.0261247259989857,-0.216380839373579,0.66002684021502,-0.137060314184272,-0.145487033208665,0.0162618229412788,-0.149822614959556,0.0168135435291377,0.268492627521007,0.0681091522050075,0.0307593291523928,-0.20717361505703,-0.426596522066229,-1.09154718992084,-0.379054295453009,-1.80769263216737,-0.424522589145964,-0.952454203538719,-0.935234804570517,-0.924622065803275,-0.721256871014927,-0.42155426879763,0.208275139405265,-0.604594625800367,-0.604594625800367,-0.490102161976912,0,0.47292643549659,0.620083667151706,-0.334251631036922,0.562483478864891,-1.66262742857116,-0.358001683450112,-7.98903544363340e-11,1485.0000000001,0.0044047795026805,0.0217199463963052,0.149582225037234,1.01609592692694,1376.06020971335,0.125,77,2,"SNETWORK (2 17 1376.06020971335 0.149582225037234 77 77)",454511.5,4500616.04909679
17,78,-0.726436802939484,46,-6.34848848278384,-1.82691635390754,-0.82927785419532,-0.839605386969632,-0.841155980269212,0.940144634413772,0.81433205922556,1.04536820973902,0.703442636046771,0.512501663333284,0.577991151131557,-0.172669031721172,0.512501663333284,0.512501663333284,0.813354807531091,-0.22683031907618,-0.333060670572392,-0.488028806069649,-0.152454861108051,-1,1,-1,-1,-0.726436802939484,0,1.03427905774497,-0.135950590585334,-0.135424941631043,-0.593154993267425,-0.132411599055457,-0.729453866478651,-0.234621415955057,0.700629760992054,-0.117334393450453,5.84775545235923,0.0399851093800356,379.0000000001,3.54343921437966,4.84588728654031,289.0000000001,2.23907028156629,5.78250949584596,0.276920556400679,-0.116667130649907,-0.0774147358111474,0.148120792732213,-0.140595570105266,-0.375108607183337,-0.0955846578186571,-0.38366616782864,0.313850436574967,-0.311241821124352,-0.523116884906104,-0.536827881668993,-0.460309458200436,-1.05330817994381,-0.379529368596893,-1.80769263216737,-0.424522589145964,-0.952454203538719,-0.935234804570517,-0.924622065803275,-0.653725738674563,-0.443969760893742,0.240930938481769,-0.558566136593935,-0.558566136593935,-0.129703420537811,0,0.653649384460398,0.685060064537125,-0.384103113652974,0.755227541924558,-1.26551532338988,0.483437973206379,-7.98903544363340e-11,379.0000000001,0.169692961015948,0.107227595284731,0.155842889334183,0.746952194325582,1386.48500534503,0.125,78,2,"SNETWORK (2 17 1386.48500534503 0.155842889334183 78 78)",454504.052360286,4500611.05236029
17,79,-0.724840414645463,47,-6.34848848278384,-1.82691635390754,-0.82927785419532,-0.839605386969632,-0.841155980269212,0.940144634413772,0.81433205922556,1.04536820973902,0.702841394040556,0.513386817839194,0.578964308576762,-0.172961689663514,0.513386817839194,0.513386817839194,0.812711176023778,-0.228040804873932,-0.334485728887666,-0.487962870416402,-0.153896835227283,-1,1,-1,-1,-0.724840414645463,0,1.02078856615386,-0.13898604834337,-0.138445038511353,-0.589657436827495,-0.135345065483009,-0.727368087246564,0.152975964948575,0.699320243034818,-0.140479851619095,0.252038043578261,0.0399851093800356,690.0000000001,0.278042871519344,0.638644028255083,857.0000000001,0.875056816220287,1.15309968763963,0.0552408789443631,-0.157826441660836,-0.132058101486347,0.587051627876494,-0.238131150330187,-1.11848321006861,0.256375144800882,-1.14478358657929,0.604115753864764,-0.999252948348087,-1.52710467806594,0.0408409301786747,0,-1.05255173994544,-0.239517974566206,-1.80769263216737,-0.424522589145964,-0.952454203538719,-0.935234804570517,-0.924622065803275,-0.869318296878755,-0.221520985605394,0.268577788795571,-0.699128383397213,-0.699128383397213,0.307439851091658,-0.00139664804469264,0.199656622793192,0.0935190437102645,-0.602668822946969,0.351530905815673,-0.898401133531469,0.508685889910771,-7.98903544363340e-11,857.0000000001,0.0133200387959405,0.0419208400484225,0.159211752794344,0.799724974774201,1392.09458787773,0.125,79,2,"SNETWORK (2 17 1392.09458787773 0.159211752794344 79 79)",454499.5,4500608.5
17,80,-0.722331916788836,49,-6.34848848278384,-1.82691635390754,-0.82927785419532,-0.839605386969632,-0.841155980269212,0.94189400001326,0.815739335768981,1.04536820973902,0.700615116821742,0.516019931431963,0.582669692734298,-0.175877946313053,0.516019931431963,0.516019931431963,0.811064850397678,-0.230495353716182,-0.336907470502611,-0.485689571907377,-0.157119423066807,-1,1,-1,-1,-0.722331916788836,0,0.991651542051797,-0.0995540444017939,-0.0992002182209214,-0.580927046084034,-0.0971601132767361,-0.724231113985559,1.19898242701837,0.69757142991621,-0.507968167922224,7.41590827248475,0.0399851093800356,282.0000000001,3.34356701581475,2.41031915794458,414.0000000001,1.59540690876052,4.93897392447527,0.235515035868563,-0.293466514342629,-0.304608991565304,1.39012912950713,0.620409658155838,-1.10440052495569,0.989222463733613,-1.12503516440909,1.17225029236094,-0.958493210854566,-1.46436420070317,-0.404196294241375,-0.389201453139555,-1.26832401731428,-0.350260228073733,-1.80769263216737,-0.424522589145966,-0.952454203538719,-0.935234804570517,-0.924622065803279,-0.476253700547205,-0.436433030284024,0.440741547067234,-0.428185128604813,-0.428185128604813,-0.00117291171415286,0,0.731139095958794,0.56913777604906,-0.141962051558258,0.776173808242481,-1.14626166935944,1.12122599177453,-7.98903544363340e-11,414.0000000001,0.159438036595881,0.0760769991726818,0.165669268486562,0.423943103321897,1402.84716590888,0.125,80,2,"SNETWORK (2 17 1402.84716590888 0.165669268486562 80 80)",454490.432313065,4500604.43231307
17,81,-0.721572921112699,50,-6.34848848278384,-1.82691635390754,-0.82927785419532,-0.839605386969632,-0.841155980269212,0.949681130807204,0.820150934382327,1.04463703364592,0.699820468296046,0.516958438433159,0.583875621978298,-0.176581480178051,0.516958438433159,0.516958438433159,0.81022358077273,-0.231921236381565,-0.338314625005225,-0.48548736517713,-0.15882815064825,-1,1,-1,-1,-0.721572921112699,0,0.962808205690901,-0.0721055711357386,-0.07186625742114,-0.572125260299543,-0.070479874735304,-0.722476025557815,1.4265585428148,0.696483651421381,-0.588954508889542,5.4353280204683,0.0399851093800356,140.0000000001,1.21660716277812,0.704661852889765,1079.0000000001,1.21562264229233,2.43222980497044,0.115607588472586,-0.278220268104435,-0.306342465167374,1.96442592868073,1.23116211709214,-1.09456446672106,1.1164277265341,-1.11134843315458,1.26662215326013,-0.942470466703866,-1.44047070044538,-0.502776268455583,-0.348717943776674,0.183448137055472,-0.309129708486622,-1.80769263216737,-0.424522589145966,-0.952454203538722,-0.93523480457052,-0.924622065803279,-0.414697618558916,-0.520744551343792,0.354620812102951,-0.379571155917044,-0.379571155917044,-0.32443028624622,-0.0136363636363327,0.94226478173354,0.793043391813572,-0.418625983501428,1.0524827105236,-1.43153511625579,1.3110482640008,-2.78197026839341e-11,1079.0000000001,0.057827192065646,0.0577803963069403,0.168813537553675,0.848212371308571,1408.08277045194,0.125,81,2,"SNETWORK (2 17 1408.08277045194 0.168813537553675 81 81)",454486.144395151,4500602.14439515
17,82,-0.718683541484959,51,-6.34848848278384,-1.82691635390754,-0.82927785419532,-0.839605386969632,-0.841155980269212,0.949681130807204,0.820150934382327,1.04125016785635,0.699292804857026,0.51723166529696,0.584799860412547,-0.17705912740077,0.51723166529696,0.51723166529696,0.811782450832359,-0.233210531024053,-0.339645380108203,-0.485343951083686,-0.160369874554937,-1,1,-1,-1,-0.718683541484959,0,0.918558448032395,-0.0447099423463672,-0.044572032518698,-0.558172751779168,-0.0437690043413381,-0.719086617491299,2.01545507136072,0.695548580292173,-0.640151913718465,0.718172845834761,0.0399851093800356,1173.0000000001,1.34686344841597,0.445867797822932,949.0000000001,0.676501702896396,2.02336515121237,0.0958647031940071,-0.262977672588652,-0.291313100988334,1.52914516328698,1.46440371755569,-0.172283382267924,1.42248941196301,-0.173986722560851,1.49081740010522,-0.0902989340775237,-0.179126628520397,0.855794429017574,0.580757043500354,-0.754392436877005,0.624586000791789,-1.05128201366175,-0.358486232442476,-0.952454203538719,-0.935234804570517,-0.924622065803275,-0.228400683202446,0.611171305570132,-0.144503975252284,-0.220840466488117,-0.220840466488117,-0.513253379948533,-0.00123431392717543,-0.399445542281622,-0.588569085618148,-0.736825023239724,-0.217318214089184,0.221647891577958,0.679525125057882,2.89652594725337,1173.0000000001,0.0638128340354176,0.0320518690585895,0.172339359145172,0.255344109609723,1413.95370806842,0.125,82,2,"SNETWORK (2 17 1413.95370806842 0.172339359145172 82 82)",454480.954588308,4500600.5
17,83,-0.71229981257075,53,-6.34848848278384,-1.82691635390754,-0.82927785419532,-0.839605386969632,-0.841155980269212,0.938772394563439,0.810412662545761,1.02366066033595,0.68805420427933,0.51997815216838,0.576113341242076,-0.182566371846832,0.51997815216838,0.51997815216838,0.80488988234205,-0.235579305810116,-0.339549574593626,-0.471802311102481,-0.165142952872722,-1,1,-1,-1,-0.71229981257075,0,0.895268227518881,0.00992370489744883,0.00989772357864511,-0.549495306634804,0.00974464664075908,-0.708520062594878,0.373930402642964,0.684405126365345,1.17406797019881,0.205577281583433,0.0399851093800356,912.0000000001,0.299755066118154,0.290853306641387,1358.0000000001,0.631495630648532,0.931250696666686,0.0438394586561475,-0.242244766687773,-0.261265183553787,0.445360003245662,1.61050257654912,1.54156862748573,0.403138073546797,1.55128332909669,0.714442537202445,1.47416800652684,2.07286850909036,-0.145965898720386,-0.352980767828165,-1.30048351596538,-0.321466160694456,-1.80769263216737,-0.424522589145964,-0.952454203538719,-0.93523480457052,-0.924622065803275,-0.385052225940527,-0.571528954497844,0.302209263045011,-0.355500850432912,-0.355500850432912,-0.168194386383852,0,0.371565349245988,0.121929200115223,-0.403242343878622,0.477079719907947,-1.14626166935944,1.3110482640008,-7.98903544363340e-11,1358.0000000001,0.0141112375455357,0.0297282210106118,0.180110464017708,2.14106140370439,1426.89357775095,0.125,83,2,"SNETWORK (2 17 1426.89357775095 0.180110464017708 83 83)",454470.5,4500598.5
17,84,-0.709106092378496,54,-6.34848848278384,-1.82691635390754,-0.82927785419532,-0.839605386969632,-0.841155980269212,0.944829494985569,0.814400460329404,1.01494134885752,0.687156545759562,0.520399375592165,0.578340447289684,-0.183825661820966,0.520399375592165,0.520399375592165,0.804643298165391,-0.236774681351203,-0.340487110408544,-0.471445510256565,-0.166605506757143,-1,1,-1,-1,-0.709106092378496,0,0.860950892323279,0.0322092747918861,0.0321310635217686,-0.537533779988492,0.0316676609405331,-0.705250806160433,0.457771567972972,0.684034863300759,0.970007437354306,1.49750405179548,0.0399851093800356,470.0000000001,1.12528476389021,0.698751496863196,1132.0000000001,1.26463661751691,2.38992138130712,0.112213736789359,-0.422264870132675,-0.255849361004907,0.115247538966153,0.385570504995427,0.371659642119203,0.462296176864413,0.373524601591114,0.761058918194429,0.366934375109518,0.463495255330896,-0.0595390861522735,-0.252864375614424,-1.04519626406644,-0.297264467039387,-1.80769263216737,-0.424522589145964,-0.952454203538719,-0.935234804570517,-0.924622065803275,-0.39399117630298,-0.547564568474805,0.314005209798382,-0.362804539219314,-0.362804539219314,0.148385457233457,0,0.161822693213293,-0.0376196225525689,-0.358391384843363,0.256430462880369,-0.206262278766562,1.49851641116446,-7.98903544363340e-11,1132.0000000001,0.0528353816060356,0.0593783550833231,0.18362905230857,2.39699741510823,1432.75247100964,0.125,84,2,"SNETWORK (2 17 1432.75247100964 0.18362905230857 84 84)",454465.47845719,4500596.47845719
17,85,-0.704622636257353,55,-6.34848848278384,-1.82691635390754,-0.82927785419532,-0.839605386969632,-0.841155980269212,0.944829494985569,0.814400460329404,1.01494134885752,0.686073889699421,0.5210585076866,0.580987520887894,-0.185482603583538,0.5210585076866,0.5210585076866,0.803491899106843,-0.237791518381456,-0.341259601010648,-0.470818178129315,-0.167892965673881,-1,1,-1,-1,-0.704622636257353,0,0.809586963327589,-0.0359141410027221,-0.0358060623913334,-0.52114947536661,-0.0351756413963504,-0.700985740616857,0.119267009835645,0.683334082924283,0.740115627469746,0.165660069830436,0.0399851093800356,479.0000000001,0.126867367448066,0.238186642213199,899.0000000001,0.342352629854767,0.469219997202833,0.022208151308224,-0.631540978123295,-0.433308628811049,-0.314128877760243,0.471498887760307,1.09619083825361,0.20661658373076,1.10909368952251,0.556148673113332,1.02655212117874,1.42275389905222,0.0585037613161699,-0.0796021708069868,-1.04519626406644,-0.272108764713266,-1.80769263216737,-0.424522589145964,-0.952454203538719,-0.935234804570517,-0.924622065803275,-0.788441607349334,-0.375005660264474,0.157317902731321,-0.648547582442405,-0.648547582442405,0.659671836892372,-0.00136612021857929,0.0358270285252753,-0.159977590610874,-0.209059950798015,0.0952286904603918,-0.0706404761437089,1.49851641116446,-7.98903544363340e-11,899.0000000001,0.00600462404597322,0.0162035271622508,0.186581667286509,0.106594481796492,1437.66894732335,0.125,85,2,"SNETWORK (2 17 1437.66894732335 0.186581667286509 85 85)",454462.5,4500592.79569824
17,86,-0.691547126394121,57,-6.34848848278384,-1.82691635390754,-0.82927785419532,-0.839605386969632,-0.841155980269212,0.945814703012464,0.819793057690604,1.00091093954515,0.684505615095799,0.522876127125104,0.584145745060618,-0.187021132747084,0.522876127125104,0.522876127125104,0.80252384309997,-0.239363194236081,-0.342497976271596,-0.470547609475965,-0.169789193898933,-1,1,-1,-1,-0.691547126394121,0,0.68466656777277,-0.0550576292120073,-0.0548829292587556,-0.471845144396015,-0.0538676923135953,-0.693865891137429,-0.167274176075434,0.680821732977574,-0.0193322581150734,0.268177724246581,0.0399851093800356,728.0000000001,0.312140883224798,0.118412541157412,853.0000000001,0.161489134488771,0.473630017613569,0.0224673282250342,-0.293660773540888,-0.686011118019851,-0.420357220506344,-0.326685723871421,0.172654521187653,-0.046613600297499,0.175412760983911,0.345687921704511,0.197093943133598,0.215550562150491,-0.858507125690601,-0.552295293001487,-1.38928661943687,-0.363867404381874,-1.80769263216737,-0.424522589145964,-0.952454203538719,-0.935234804570517,-0.924622065803275,-0.16512452876613,-0.63356513902321,0.512446873894356,-0.162700519896193,-0.162700519896193,-0.938704840056846,0,0.571212216684963,0.397708486129765,-0.109219822636918,0.608271869042779,0.177220059684264,1.49851641116446,-7.98903544363340e-11,853.0000000001,0.0148068563711798,0.00766047175385442,0.1933539689698,1.23171790223569,1448.94568372956,0.125,86,2,"SNETWORK (2 17 1448.94568372956 0.1933539689698 86 86)",454453.590029645,4500587.5
17,87,-0.688050921372502,58,-6.34848848278384,-1.82691635390754,-0.82927785419532,-0.839605386969632,-0.841155980269212,0.945814703012464,0.819793057690604,1.00091093954515,0.684186073889699,0.523240065419893,0.58472840552305,-0.187222042219357,0.523240065419893,0.523240065419893,0.80217886039177,-0.240004894615508,-0.34312817941917,-0.470617950912174,-0.170533949851773,-1,1,-1,-1,-0.688050921372502,0,0.661295698040409,-0.0409569317766483,-0.0408319123366488,-0.461050240455857,-0.0401034071220701,-0.690436991578678,-0.429953852930609,0.680692036310883,0.488823539343688,0.221706593503963,0.0399851093800356,357.0000000001,0.126544536652436,0.131519660235146,3887.0000000001,0.817338192727952,0.943882729280388,0.044700368764334,-0.125769463996806,-0.306533960974943,-0.311407774817614,-0.16910730764198,0.228792330129515,-0.313958412804821,0.231970097414795,0.116075239178569,0.264790557342599,0.321662101801643,0.714789376353443,0.219435850019808,0.182325704560066,-0.186363855817232,-1.78846178534474,-0.02200806696949,-0.952454203538722,-0.935234804570517,-0.924622065803275,-0.802113034636527,-0.510329518154461,-0.105805329258508,-0.657273595717248,-0.657273595717248,0.821696464169842,-0.0118133490844649,-0.0356325514457347,-0.254371300376864,-0.399094709095327,0.068124168549768,0.0556280987120558,0.135670660522332,0.405346759882539,3887.0000000001,0.00599289219039216,0.0387074764739418,0.197130376334392,1.47284373114534,1455.23387826141,0.125,87,2,"SNETWORK (2 17 1455.23387826141 0.197130376334392 87 87)",454448.238555921,4500587.23855592
17,88,-0.678625642548295,63,-6.34848848278384,-1.82691635390754,-0.82927785419532,-0.839605386969632,-0.841155980269212,0.927144842900876,0.809136048178201,0.967110691490465,0.672344129061011,0.533828527607119,0.600167165311338,-0.187169662121531,0.533828527607119,0.533828527607119,0.818210720139243,-0.24781263276705,-0.349068964131764,-0.463527561673575,-0.180770738961834,-1,1,-1,-1,-0.678625642548295,0,0.774129817330145,0.177069374629816,0.176857016970522,-0.501881303051636,0.175514176954726,-0.680847664078758,-0.765943346783589,0.668711829695725,0.815053072275397,0.241235377524854,0.0399851093800356,118.0000000001,0.0455113355994545,0.124422575398109,3724.0000000001,0.740807606681399,0.786318942180854,0.0362977023434806,-0.817594595653936,0.607590391696071,-0.739819725304619,0.000191460336039538,1.0504400541859,-0.743333008571369,1.03716448807625,-0.282150056307445,0.922549373491823,1.26975065489018,0.62669653312797,0.520020870828672,0.0811075205332003,0.612562401629926,-1.05128201366175,-0.358486232442478,-0.952454203538719,-0.935234804570517,-0.924622065803275,-0.0303147823893052,0.712011943004719,0.129942268150339,-0.0311080297553087,-0.0311080297553087,-0.0555885169994309,0,-0.441276173645482,-0.639348795232499,-0.344624386270765,-0.351055722346252,0.240354347112144,0.564696420053213,2.97046221518835,3724.0000000001,0.00210087385188857,0.034196828391592,0.213334035350483,1.90532355326271,1482.21501408283,0.125,88,2,"SNETWORK (2 17 1482.21501408283 0.213334035350483 88 88)",454428.816866067,4500571.81686607
17,89,-0.674444671256518,64,-6.34848848278384,-1.82691635390754,-0.82927785419532,-0.839605386969632,-0.841155980269212,0.927144842900876,0.809136048178201,0.958679238331309,0.666806816318465,0.531896104266234,0.591882997955546,-0.191509865465215,0.531896104266234,0.531896104266234,0.812322999252562,-0.248266480238996,-0.348344077723601,-0.462448414890373,-0.181463848432505,-1,1,-1,-1,-0.674444671256518,0,0.746331497749611,-0.248288774509422,-0.247088475619645,-0.503068743704439,-0.24031274952622,-0.678344270137804,-0.757537709130055,0.66326247781298,0.620502651099046,0.133469560744129,0.0399851093800356,182.0000000001,0.0388374041594865,0.146302031437064,3365.0000000001,0.787103782317347,0.825941186376834,0.0400794455165136,-1.58906092360873,-0.823014679915936,-0.458961616922384,-0.782680287545819,-0.394438926772562,-0.657375115497685,-0.409119889438597,-0.203458564539511,-0.702157000555014,-1.07799341676183,-0.983986127920143,-0.94750217573413,-1.43025713002735,-0.435530063825884,-1.57692320389158,-0.537728868829696,-0.952454203538719,-0.935234804570517,-0.924622065803275,-0.42760594359234,0.631366765595846,-0.746471460138872,-0.389916986115071,-0.389916986115071,-0.682600313096256,0,1.66001637727504,1.74921330359794,0.353523806829339,1.59083622296637,-0.379296992457789,0.500924906905174,-7.98903544363340e-11,3365.0000000001,0.00188461556583467,0.038194829850679,0.218304555798891,0.785159616781659,1490.4915574974,0.125,89,2,"SNETWORK (2 17 1490.4915574974 0.218304555798891 89 89)",454422.5,4500570.5
17,90,-0.672544398463451,65,-6.34848848278384,-1.82691635390754,-0.82927785419532,-0.839605386969632,-0.841155980269212,0.927144842900876,0.809136048178201,0.958679238331309,0.666741646730379,0.532031924590994,0.591810539053021,-0.191306159213774,0.532031924590994,0.532031924590994,0.81214890659342,-0.248637659028581,-0.34876477515366,-0.462654325490713,-0.181876662004664,-1,1,-1,-1,-0.672544398463451,0,0.707505252576512,-1.42544428996136,-1.40361058790374,-0.520785667240291,-1.29288124321334,-0.67658799072319,-0.469539647364306,0.663107678565639,-0.273928544014334,0.157570131781378,0.0399851093800356,1548.0000000001,0.3899791864911,0.157683074831621,2780.0000000001,0.700852215278341,1.09083140166944,0.0608180682965393,-0.438066559535505,-1.58350668650926,-0.39753290654261,-0.774065392382653,-0.46836814581316,-0.0873306606830986,-0.561622252680356,0.302794010219221,-0.586615286167403,-0.912299992543985,0.448104526770471,0.483639937943214,-0.936416025212138,0.587093846257833,-1.05128201366175,-0.358486232442476,-0.952454203538719,-0.93523480457052,-0.924622065803275,-0.00210752648521041,0.75990873120233,0.148975939230347,-0.00218128799769354,-0.00218128799769354,-0.346728561384336,0,-0.361999782741567,-0.563435643540392,-0.611816186817609,-0.209068804967256,0.303488634540024,0.629682291756993,2.76655764156653,2780.0000000001,0.0217428474455729,0.0390752207509664,0.220865603438356,0.0175321465358138,1494.75602480919,0.125,90,2,"SNETWORK (2 17 1494.75602480919 0.220865603438356 90 90)",454418.235532688,4500570.5
17,91,-0.671785250765491,66,-6.34848848278384,-1.82691635390754,-0.82927785419532,-0.839605386969632,-0.841155980269212,0.916856518896829,0.800837063667412,0.937396788412899,0.663077434084115,0.53026605223169,0.585678615044177,-0.194044353094911,0.53026605223169,0.53026605223169,0.808327422728166,-0.249770113361984,-0.349021619713066,-0.460049348465402,-0.183587839912448,-1,1,-1,-1,-0.671785250765491,0,0.764420834090689,-0.983571837628133,-0.972449034108626,-0.529721827140505,-0.913966717806625,-0.673675743686151,-0.406549301000272,0.660229249317785,0.256994176360383,0.162216880922009,0.0399851093800356,967.0000000001,0.250795127787121,0.135454224404055,1273.0000000001,0.275687790004423,0.526482917691544,0.0278595780310406,-1.01612136677407,-0.448885534822463,-0.0778550645335453,-0.478897647641235,-0.519276796922235,-0.105182875314263,-0.589412283792761,0.286275148091366,-0.0500435259157758,-0.137909528735204,0.337273728725402,0.434432163019504,-0.983728851380069,0.515265104332628,-1.04355895115103,-0.355852674989378,-0.952454203538719,-0.935234804570517,-0.924622065803275,-0.0371281108480029,0.778783422157807,-0.316987292750264,-0.0380209960961775,-0.0380209960961775,-0.736053033130481,0,-0.187201681787079,-0.310646300655979,-0.598662221461564,-0.0370128222134926,0.29877766471688,0.624014323987345,-7.98903544363340e-11,1273.0000000001,0.0132711739945669,0.0145884039364736,0.223536651396823,1.03894094029615,1499.20365652505,0.125,91,2,"SNETWORK (2 17 1499.20365652505 0.223536651396823 91 91)",454413.996469949,4500571.00353005
17,92,-0.666995750366508,67,-6.34848848278384,-1.82691635390754,-0.82927785419532,-0.839605386969632,-0.841155980269212,0.914277029828418,0.798670397456316,0.933734821847211,0.660415992196467,0.529348972012251,0.580753188288047,-0.193632744028877,0.529348972012251,0.529348972012251,0.805483244208147,-0.251296847479428,-0.350312222957619,-0.458408745117384,-0.185631284534063,-1,1,-1,-1,-0.666995750366508,0,0.873239628570753,0.146842861493145,0.146629211806163,-0.538869943725165,0.145305969133962,-0.670584799863877,-0.0787446333039074,0.659438518027314,-0.303602950373788,0.12241878131485,0.0399851093800356,639.0000000001,0.125067792517585,0.146642320192596,2478.0000000001,0.580974672585013,0.706042465002598,0.0327077817359679,0.281331149320678,-1.01871735294367,-0.0188422660132344,-0.414339162897419,-0.509989002654899,-0.00453822164300044,-0.503890226521892,0.370641963896874,-0.101934744162296,-0.212103342908082,0.193893431099377,0.142212423459458,-1.0411876437454,0.0759383177389608,-1.57692320389158,-0.537728868829696,-0.952454203538722,-0.935234804570517,-0.924622065803275,-0.114439272195858,0.762039362571287,-0.394169269699218,-0.114487044294958,-0.114487044294958,-0.410363106894553,0,-0.030247943333077,-0.076742278053292,-0.431398503757417,0.0810824074455685,0.125777306965251,1.05425384036918,-7.98903544363340e-11,2478.0000000001,0.00579383004200925,0.0269139515939586,0.227784724236657,0.160183107480407,1506.2772335583,0.125,92,2,"SNETWORK (2 17 1506.2772335583 0.227784724236657 92 92)",454408.371178189,4500570.5
17,93,-0.648221277859224,74,-6.34848848278384,-1.82691635390754,-0.82927785419532,-0.839605386969632,-0.841155980269212,0.902257119002287,0.784850643490469,0.892360932931195,0.646846002161108,0.526478891528157,0.563289433932625,-0.188112757414302,0.526478891528157,0.526478891528157,0.791593724185268,-0.258282098136046,-0.357307778598148,-0.455462172027104,-0.194294829871563,-1,1,-1,-1,-0.648221277859224,0,0.90668115143643,-0.0350456609692762,-0.0349404560249189,-0.554212885891841,-0.0343266899481921,-0.651672297958276,-0.811134233055734,0.643324753131808,0.377569769380247,0.446817917131871,0.0399851093800356,283.0000000001,0.202168547077707,0.182590825898806,2225.0000000001,0.649539464250039,0.851708011227746,0.0403071727368516,0.0135359698331299,0.450263590175153,-0.911357269399334,-1.13325946872832,-0.212436906674939,-0.76415216250051,-0.214368128350736,-0.314399266922695,-0.225205933769595,-0.387509948139555,0.714658843325248,0.571664231029831,-0.956652968036747,0.689767581085909,-1.21706126120988,-0.282429782935572,-0.952454203538719,-0.935234804570517,-0.924622065803272,0.13966370018322,0.564273291414799,-0.328574065047624,0.150970332949076,0.150970332949076,-0.043229520109239,-0.000289754134847109,-0.284775585261856,-0.382287701113565,-0.212394816875919,-0.225212384993007,0.26906209907506,0.446727936703847,-7.98903544363340e-11,2225.0000000001,0.00956764808867069,0.0307395245481809,0.25157105114314,0.617531102650391,1545.88446772183,0.125,93,2,"SNETWORK (2 17 1545.88446772183 0.25157105114314 93 93)",454373.958714549,4500575.95871455
17,94,-0.64381390687921,75,-6.34848848278384,-1.82691635390754,-0.82927785419532,-0.839605386969632,-0.841155980269212,0.891833470689859,0.77604140968202,0.881834078932463,0.639139172808725,0.523848867333115,0.557235610486987,-0.185776243687494,0.523848867333115,0.523848867333115,0.784743744576048,-0.261727986698498,-0.360355374775719,-0.457854538175166,-0.198005550967414,-1,1,-1,-1,-0.64381390687921,0,0.925380198369367,-0.224840533041319,-0.22379911431681,-0.564328498871629,-0.217902738799193,-0.648388631905609,-0.933436067571252,0.637498862539314,0.455731429238219,0.756611375784862,0.0399851093800356,385.0000000001,0.465725664277821,0.15801095373984,2629.0000000001,0.664162506333125,1.12988817051095,0.0546777905531263,-0.313459251613295,-0.00370717603050643,-0.295188565698135,-0.828996196416986,-0.671703915077258,-0.897518221865072,-0.694636047877169,-0.447277791425466,-0.662692812936226,-1.01007379422383,1.0873140636373,0.32659807354388,-0.959940358817883,0.424302115620444,0,-1.78752100399602e-15,-0.952454203538719,-0.935234804570517,-0.924622065803275,0.371566509376764,1.06827198755181,-0.425187447362526,0.431806054952447,0.431806054952447,-0.151631270001828,-0.000119302442471048,-0.241771213815294,-0.265610598864155,-0.822949161574487,-0.0391751599770223,0.35725419270708,0.277965055881264,-7.98903544363340e-11,2629.0000000001,0.0225374961358311,0.0321402943172952,0.254970481130838,0.539827488362789,1551.54494737784,0.125,94,2,"SNETWORK (2 17 1551.54494737784 0.254970481130838 94 94)",454368.48824068,4500575.5
17,95,-0.636591385677436,78,-5.16883244490172,-1.16651993506662,-0.82927785419532,-0.839605386969632,-0.841155980269212,0.87699208850232,0.755824528104986,0.839121404931145,0.619846872490445,0.502450807441958,0.50922828229955,-0.17256532096496,0.502450807441958,0.502450807441958,0.764618199759678,-0.271113521669061,-0.370120590778868,-0.441477397729164,-0.211468474735815,-1,1,-1,-1,-0.636591385677436,0,1.09592245760149,-0.542738447059897,-0.538723389693364,-0.615573072451047,-0.51676670629356,-0.639905404742925,-0.421113125956758,0.616580045331077,-0.265401262767598,0.104561552505357,0.0399851093800356,16.0000000001,0.00267478325663524,0.154728454762881,2507.0000000001,0.620184769587218,0.622859552743854,0.0312901885938104,-1.37239421813339,-0.64798030863697,-0.703014616923424,-0.817582372529747,-0.089489861085345,-0.207678762733304,-0.0970163839788054,0.177322639873246,-0.0555659954143321,-0.147120860967015,1.67698318455107,1.04304330786831,-0.452642585920067,1.95491826231376,0,-1.78752100399602e-15,-0.780347357377219,-0.759726138746638,-0.735731111812336,0,0.727864230436689,-0.277420274821781,0,0,-0.237982760819457,-0.00149619151251357,-1.09113327902376,-1.21053357470428,-0.700049829052508,-0.918952033763266,0.0228918015272244,-0.371420793043352,2.28678176782097,2507.0000000001,0.000134371334269383,0.031155817159541,0.264893499982385,1.50109672918916,1568.06802522873,0.125,95,2,"SNETWORK (2 17 1568.06802522873 0.264893499982385 95 95)",454353.622017079,4500573.5
17,96,-0.625570174624678,80,-2.98990202577927,-0.428006652933195,-0.82927785419532,-0.839605386969632,-0.841155980269212,0.796410123575923,0.712379795401019,0.804240303027002,0.538597214105222,0.476311288960708,0.393365990501826,-0.114628063509379,0.476311288960708,0.476311288960708,0.714336291468094,-0.222899704528119,-0.311487815792378,-0.373730675763247,-0.164523201948519,-1,1,-1,-1,-0.625570174624678,0,1.1655271212601,-0.411141169266806,-0.408572652074877,-0.628659376641931,-0.394339483283485,-0.630876046622131,-1.438435294531,0.53725379859572,0.735974092790672,0.172873629682837,0.0399851093800356,446.0000000001,0.123270791353366,0.189459807489266,4576.0000000001,1.38611633580702,1.50938712706038,0.0746605946224125,3.65117621460175,3.34269564773731,-1.04702764430454,-0.735385074771684,0.455622515809701,-1.73266307621587,0.480996048389251,-1.44348137909684,0.637312825049721,0.871326364806645,-0.359495195189925,-0.330354049660716,-1.23744922434029,-0.350260228073733,-1.7692309385221,0.380506455207011,-0.952454203538719,-0.935234804570517,-0.924622065803275,-0.659290648531492,-0.649436331387494,-0.575960777945392,-0.562431054782459,-0.562431054782459,1.17706174017271,0,0.0790713903129958,-0.307368282654094,-0.4013895318157,0.18358698471008,0.0481891264232104,-0.333366850680433,-7.98903544363340e-11,4576.0000000001,0.00609748844271551,0.068563106079697,0.273054016602993,0.984351259951579,1581.6563145833,0.125,96,2,"SNETWORK (2 17 1581.6563145833 0.273054016602993 96 96)",454343.220548244,4500577.77945176
17,97,-0.624202497819511,81,-2.98990202577927,-0.428006652933195,-0.82927785419532,-0.839605386969632,-0.841155980269212,0.793641647105071,0.710202636999385,0.801167643711019,0.538088470869194,0.479093096209422,0.395632897388144,-0.114225713135813,0.479093096209422,0.479093096209422,0.712630218159947,-0.225665814465858,-0.314397282327993,-0.376090364239256,-0.167435605474943,-1,1,-1,-1,-0.624202497819511,0,1.19707765374233,0.750927099212007,0.753614313864078,-0.616812838502141,0.768880751739451,-0.628198644583675,-1.0725554443868,0.535536363702923,0.423623196822522,0.0915053896282261,0.0399851093800356,197.0000000001,0.0288210285977704,0.133109644321636,2599.0000000001,0.553111103433453,0.581932131931223,0.0251167016789035,4.18344388982222,3.5821866326372,-0.740324519418319,-1.47191385514816,-0.803662572204875,-1.25553159374696,-0.738715042821695,-0.870758880174589,-0.411285199625925,-0.631828052512563,-0.342961857601122,-0.288514427883715,-1.1929638465763,-0.339499628245609,-1.7692309385221,0.380506455207015,-0.952454203538719,-0.935234804570514,-0.924622065803275,-0.942231241871516,-0.529827086706175,-0.456367371602892,-0.742642779322773,-0.742642779322773,1.13869481319425,0,-0.0891776904247105,-0.438204664060129,-0.208268941355841,-0.0302023491373114,0.0462748709449577,-0.337874617461298,-7.98903544363340e-11,2599.0000000001,0.00124394088653885,0.0238727606923646,0.276731698825252,0.475043708807789,1587.78011930224,0.125,97,2,"SNETWORK (2 17 1587.78011930224 0.276731698825252 97 97)",454339.5,4500581.19058206
17,98,-0.619869356245477,82,-2.98990202577927,-0.428006652933195,-0.82927785419532,-0.839605386969632,-0.841155980269212,0.790869835120401,0.708069749030523,0.798731017905037,0.536537014223788,0.479951055839141,0.397274213222007,-0.113796556249596,0.479951055839141,0.479951055839141,0.711941506685292,-0.226132191216419,-0.314759072734176,-0.37632089790724,-0.167954924579466,-1,1,-1,-1,-0.619869356245477,0,1.24027858289439,1.83557395077083,1.85800704183497,-0.608290470984555,2.00022188368053,-0.624166935309181,-0.758055336081165,0.533634843218695,-0.0310240558521735,0.111695988695663,0.0399851093800356,337.0000000001,0.0601816447169648,0.168559606753375,1394.0000000001,0.375675486591555,0.43585713120852,0.0165759719069101,1.49079000573298,4.10688265332586,0.0387856645753644,-1.09692546268727,-1.36984185155654,-1.01375921858663,-1.10823298972705,-0.615850028596808,-0.786739713007014,-1.14931364403736,-0.346335158923066,-0.383251279530936,0.175318517018741,-0.345517221401466,-1.7692309385221,0.380506455207013,-0.952454203538719,-0.93523480457052,-0.924622065803275,-0.580077518035414,-0.663729223526658,-0.44619890009114,-0.506163892119686,-0.506163892119686,0.721857634630844,0,0.221030200924148,-0.0239235313375539,0.424449854536144,0.132465293571268,0.0462748709447775,-0.337874617461298,-6.23898812455367e-11,1394.0000000001,0.00228875283496489,0.0142872189719452,0.280932327754825,0.565687223337591,1594.77469624141,0.125,98,2,"SNETWORK (2 17 1594.77469624141 0.280932327754825 98 98)",454334.05748169,4500584.5
17,99,-0.61447287843079,84,-2.98990202577927,-0.428006652933195,-0.82927785419532,-0.839605386969632,-0.841155980269212,0.789862071357112,0.706456759180744,0.798731017905037,0.534922490235073,0.48151480400979,0.401515014617146,-0.112934632391548,0.48151480400979,0.48151480400979,0.710076187488936,-0.227766942320049,-0.316088168522559,-0.379448689358212,-0.16942404701892,-1,1,-1,-1,-0.61447287843079,0,1.28357817639794,2.35975154839442,2.3980281513075,-0.609407966771955,2.65114902478338,-0.616423974149557,-0.207598542297436,0.531988532304406,-0.137359836568463,0.244022511082947,0.0399851093800356,1805.0000000001,0.704212407409143,0.127468051139023,2167.0000000001,0.441628234845614,1.14584064215476,0.0410009361836281,0.0882916509654459,0.880748214167221,-0.296124684406153,0.0442097085149627,0.481766063719623,-0.543029669735705,0.374416281921619,-0.162539549035279,0.311823686428724,0.365188161549584,-0.382003884776814,-0.322560694780118,0.0744814915498614,-0.352790089124494,-1.7692309385221,0.380506455207013,-0.952454203538719,-0.935234804570517,-0.924622065803275,-0.736669381567455,-0.599180941732775,-0.587313443108346,-0.614837096786507,-0.614837096786507,1.03699875956683,0,0.339766662304974,-0.0721626339300595,0.669086107522812,0.194154066027127,0.0462748709449577,-0.337874617461298,1.38587361298881,2167.0000000001,0.0251984148944163,0.0158025211892119,0.287245046357453,1.04580581770568,1605.286168857,0.125,99,2,"SNETWORK (2 17 1605.286168857 0.287245046357453 99 99)",454324.704106204,4500587.2958938
17,100,-0.607480468387552,86,-2.98990202577927,-0.428006652933195,-0.82927785419532,-0.839605386969632,-0.841155980269212,0.789611813600984,0.70932974629422,0.795903971647944,0.529416711164181,0.492710062430726,0.412099513286393,-0.109779212089329,0.492710062430726,0.492710062430726,0.703666264244203,-0.233898380455407,-0.320290452380701,-0.388505604153669,-0.175332245511539,-1,1,-1,-1,-0.607480468387552,0,1.32201316880715,0.721629886359596,0.724038748890345,-0.642998584201933,0.737653879035338,-0.609206336537038,0.200280027913453,0.530455183003043,0.1118620814383,0.0971863587290748,0.0399851093800356,452.0000000001,0.0702328545583083,0.105538006267805,2476.0000000001,0.417788133247783,0.488020987706091,0.0211357180116729,0.852707594564718,1.3049527153355,0.788588532201235,-0.307764222267548,-1.43846919260428,0.118630526416654,-1.32880333708444,0.408809703778699,-1.28785497890596,-1.83215662163403,-0.388268607650176,-0.293717306231922,0.0741984320938104,-0.348680513310738,-1.7692309385221,0.380506455207015,-0.952454203538719,-0.935234804570517,-0.924622065803272,-0.864992307022868,-0.45674136014084,-0.0360456355842063,-0.69648544714604,-0.69648544714604,1.23941533176741,0,1.25948748403882,1.02547156202304,0.84538055938802,1.0743748532294,-0.185217516290602,0.656404147347225,0.633737039521339,2476.0000000001,0.00304171713442894,0.018094000777244,0.296045349667046,1.70036552584227,1619.93978373682,0.125,100,2,"SNETWORK (2 17 1619.93978373682 0.296045349667046 100 100)",454312.58507644,4500587.58507644
17,101,-0.605503958431533,87,-2.98990202577927,-0.428006652933195,-0.82927785419532,-0.839605386969632,-0.841155980269212,0.789611813600984,0.70932974629422,0.795903971647944,0.528924785886369,0.493210872503082,0.413120433408501,-0.109958298042601,0.493210872503082,0.493210872503082,0.703087575603327,-0.235025347240967,-0.321320920221042,-0.38974990153219,-0.176476314237866,-1,1,-1,-1,-0.605503958431533,0,1.33607510443836,0.983481950411016,0.988865476806739,-0.641991312323061,1.02042525692358,-0.607461692167362,0.809725626380947,0.526442953862503,-0.734394086918973,0.509633032874831,0.0399851093800356,1514.0000000001,1.23361607398771,0.188630053277703,3617.0000000001,1.09082722997247,2.32444330386017,0.0976345102916206,0.916896179714084,0.823527000813176,0.928680991965946,0.207597121535291,-0.972727282952146,0.507571234272644,-0.870018203333444,0.718852239059671,-0.559123949583225,-0.827139385452803,0.37187410128896,-0.057379823032031,0.0741076369399376,-0.274638625764028,-1.7692309385221,0.380506455207015,-0.952454203538719,-0.935234804570517,-0.924622065803275,-0.967478969978465,-0.381544845844097,0.0232520752486592,-0.757266090650491,-0.757266090650491,0.406999731324254,0,1.0978371617057,0.862257145491849,0.497963748421837,0.993753603814514,-0.108053387212109,0.33800734734903,-7.70469712226206e-11,3617.0000000001,0.0518160632026167,0.0458184469890039,0.299017342796708,0.594584602068637,1624.88852711707,0.125,101,2,"SNETWORK (2 17 1624.88852711707 0.299017342796708 101 101)",454308.5,4500585.5
17,102,-0.579583201885427,91,-2.98990202577927,-0.428006652933195,-0.82927785419532,-0.839605386969632,-0.841155980269212,0.788598253114874,0.707947189661645,0.782716811632119,0.525569603222321,0.49843335949719,0.419733002677663,-0.112210454018152,0.49843335949719,0.49843335949719,0.699152380618363,-0.241877159165327,-0.327685486251257,-0.397035435939512,-0.183493808724029,-1,1,-1,-1,-0.579583201885427,0,1.26235971043943,2.45202767406548,2.49349860221503,-0.602673498087408,2.76975077615149,-0.584977479564169,-1.50332207296927,0.522642004775766,0.565221914969471,0.276809726018613,0.0399851093800356,910.0000000001,0.402734942854522,0.15876745015123,8784.0000000001,2.22972021566616,2.63245515842069,0.0931917448751672,1.08675150117679,2.1067965525643,-1.33196942263621,-1.69848721052472,-0.358746389377122,-2.17583317509461,-0.265135316460019,-2.12096095712253,-0.248963210654433,-0.407441729321661,-0.210396222617867,-0.194263780039747,-0.713385053557327,-0.347888724737599,-1.7692309385221,0.380506455207013,-0.952454203538719,-0.935234804570517,-0.924622065803275,-0.909983301319641,-0.392533516184802,0.0619894220586579,-0.723635187641378,-0.723635187641378,0.486619036372406,0,0.916525261041961,0.651999412749654,0.110489977823488,0.902810995702936,0.069657940362691,0.338007347348959,-7.98903544363340e-11,8784.0000000001,0.0142572502625888,0.0789344945125783,0.313419504750144,0.184037912367617,1648.86994312945,0.125,102,2,"SNETWORK (2 17 1648.86994312945 0.313419504750144 102 102)",454288.320752708,4500580.67924729
17,103,-0.576543355688756,93,-2.98990202577927,-0.428006652933195,-0.82927785419532,-0.839605386969632,-0.841155980269212,0.790124600010261,0.705987667454129,0.776022354817261,0.512117338894472,0.520387263543499,0.427694212209783,-0.1247682577313,0.520387263543499,0.520387263543499,0.684291992583079,-0.253980971495487,-0.334080428843388,-0.398659701634113,-0.197521986333766,-1,1,-1,-1,-0.576543355688756,0,1.28800040674362,1.08543061529983,1.09226613604625,-0.631053031695943,1.13278350805557,-0.580480186017127,-0.745053592457047,0.509241410472169,-0.0289521452624596,9.12891845713125,0.0399851093800356,130.0000000001,1.89740156615632,0.155277693813153,864.0000000001,0.214496094604108,2.11189766066043,0.0876568452717245,0.277216078877188,1.09216626408744,-0.386541086235791,-1.39638493913686,-1.26559311661317,-0.873984846080173,-1.11918880827054,-0.48805602569475,-1.12116232155954,-1.59294700003038,-0.348318992963539,-0.311462452468704,0.174042885324463,-0.353265162268378,-1.7692309385221,0.380506455207013,-0.952454203538719,-0.935234804570517,-0.924622065803279,-0.830554441272587,-0.3301766399468,0.252800359948427,-0.675195797232458,-0.675195797232458,0.635458842497682,0,1.0314988263945,0.760551326429758,0.302834061651186,0.972973497288459,0.107070851431177,0.338007347348822,-7.98903544363340e-11,864.0000000001,0.0787539275270803,0.00890291764464415,0.320903790511544,0.921772552687126,1661.33222281913,0.125,103,2,"SNETWORK (2 17 1661.33222281913 0.320903790511544 103 103)",454278.044124136,4500577.04412414
17,104,-0.574871338319075,94,-2.98990202577927,-0.428006652933195,-0.82927785419532,-0.839605386969632,-0.841155980269212,0.787323672430182,0.703784107701658,0.776022354817261,0.511476154237495,0.52121974412926,0.428592864420022,-0.125110355109886,0.52121974412926,0.52121974412926,0.683544488123416,-0.255212119665635,-0.335221612061369,-0.399539282853956,-0.198845342809113,-1,1,-1,-1,-0.574871338319075,0,1.26102627392525,0.565828873537248,0.566990608472636,-0.633389485388996,0.573303266825882,-0.578425951833209,-0.395278047477005,0.508850228590375,-0.081702049705088,5.12534633912616,0.0399851093800356,172.0000000001,1.40944534353585,0.278498960810538,1876.0000000001,0.835320207147404,2.24476555058325,0.0990073490223846,-0.534080295578824,0.256222010713483,-0.307202197479826,-0.761270484872276,-0.564480377910007,-0.392431203247207,-0.529981399748541,-0.0384211502220803,-0.647621902071677,-0.949454427925448,0.436744469451079,0.527339091694764,0.174027969901827,0.149188416712532,-0.884615652660049,0.190253227603516,-0.952454203538719,-0.935234804570511,-0.924622065803275,-0.809840414887748,0.0763192786899555,0.14003827251278,-0.662173699091374,-0.662173699091374,0.0292693015852775,-0.00104112441436754,0.45001397028312,0.131098644098043,-0.21034222622813,0.510515906556956,-0.11740661497915,-0.0802162047835315,3.94980379938017,1876.0000000001,0.0621648202301314,0.0368425286922533,0.323798879443999,0.626345488242805,1666.15291101209,0.125,104,2,"SNETWORK (2 17 1666.15291101209 0.323798879443999 104 104)",454274.277246665,4500574.5
17,105,-0.572362536418802,95,-2.98990202577927,-0.428006652933195,-0.82927785419532,-0.839605386969632,-0.841155980269212,0.789873158895865,0.70098692199731,0.764645486825643,0.50805580198536,0.525763862922656,0.430863654729771,-0.129018544996858,0.525763862922656,0.525763862922656,0.679538931685739,-0.259103603835517,-0.337790159967493,-0.39888681562566,-0.203527762841426,-1,1,-1,-1,-0.572362536418802,0,1.19838347272357,0.0373159291082314,0.0372269402595304,-0.628572859684011,0.0366989558714657,-0.576184131058794,-0.313922211549815,0.508559457031181,-0.355731745764947,1.04937553415762,0.0399851093800356,576.0000000001,0.966384582203716,0.118464810923885,1077.0000000001,0.203986601893905,1.17037118399762,0.0549193897358038,-0.819519439308986,-0.54353344898053,0.398087243818938,-0.402787312643728,-1.09141041805575,-0.208489056426326,-1.09370023033091,0.122493939427356,-1.06463820650832,-1.51419945789238,-1.39785836559436,-0.881744679375337,0.073106982254069,-0.460210693008121,-1.7692309385221,0.380506455207015,-0.952454203538722,-0.935234804570517,-0.924622065803275,-0.496727051984521,-0.37659985411501,0.477291894355255,-0.443954521260971,-0.443954521260971,0.361039035984507,0,1.31310452338989,1.42701464945574,-0.00998512287072063,1.32836300447056,0.297340368022692,-0.0218953424336056,1.85181341453163e-10,1077.0000000001,0.0453473668292486,0.0095720228065552,0.327765950599725,0.47237475636702,1672.75858480216,0.125,105,2,"SNETWORK (2 17 1672.75858480216 0.327765950599725 105 105)",454269.5,4500571.5
17,106,-0.567346332287936,97,-2.98990202577927,-0.428006652933195,-0.82927785419532,-0.839605386969632,-0.841155980269212,0.787063533280999,0.699580992784356,0.758518326734499,0.505358621936504,0.528579705038556,0.429925569949464,-0.126560391762006,0.528579705038556,0.528579705038556,0.676395393770241,-0.265254169763393,-0.344145309726017,-0.400616696953013,-0.210528664339423,-1,1,-1,-1,-0.567346332287936,0,1.25745611609993,0.500469150202296,0.501225344129699,-0.633646059265105,0.505207164972018,-0.568284187699647,-0.0910698083680224,0.504959328589643,-0.0193276168606229,0.437424035069541,0.0399851093800356,4268.0000000001,2.98485767453983,0.761248898648512,1126.0000000001,1.37044509996854,4.35530277440837,0.19357008537638,-1.09211114493862,-1.65792784253549,0.324110329632377,0.421817595423538,0.130028685410898,-0.0860497949613603,0.12534403369907,0.22521058629659,0.285625349078587,0.328061557973672,-1.47700218487227,-1.50926625461761,-1.42045371539491,-0.49960314011761,-1.7692309385221,0.380506455207013,-0.952454203538716,-0.93523480457052,-0.924622065803275,-0.706580316961485,-0.436913592482837,0.138073263116906,-0.594751521981875,-0.594751521981875,-1.332985160077,0,1.7046136411941,1.62782698406399,0.467270832219136,1.60888806224347,0.291797099831158,0.128895571282714,-7.98903544363340e-11,4268.0000000001,0.132661076512856,0.0609090087635245,0.334391668446968,0.151945664522821,1683.79124063461,0.125,106,2,"SNETWORK (2 17 1683.79124063461 0.334391668446968 106 106)",454261.112947809,4500567.88705219
17,107,-0.5604283036725,98,-2.98990202577927,-0.428006652933195,-0.82927785419532,-0.839605386969632,-0.841155980269212,0.787063533280999,0.699580992784356,0.758518326734499,0.505278736634979,0.528660370784837,0.430120028964241,-0.126614136396052,0.528660370784837,0.528660370784837,0.676287058425105,-0.265466173365894,-0.344369471294813,-0.400723363282283,-0.210760622647753,-1,1,-1,-1,-0.5604283036725,0,1.23862768214662,0.437676023374411,0.438108586394784,-0.630763229603079,0.440253444955244,-0.56310168482481,0.333439494416343,0.502459529933258,0.029034186260247,0.246846368847534,0.0399851093800356,4119.0000000001,1.62560531083935,0.249245319587522,1733.0000000001,0.690592963396837,2.31619827413619,0.103702584936728,-0.74057385427941,-1.09362615554837,0.755758449904971,-0.0910058398135687,-1.18686771594706,0.282257392673308,-1.13379405473466,0.527617727608379,-0.937202401127767,-1.31905232679152,0.977420712073667,0.481536707807409,0.0722741308974972,0.123240925813273,-0.881316322202208,0.189543644558442,-0.952454203538722,-0.935234804570517,-0.924622065803272,-0.785378482476218,0.0874712709735983,0.306718845671719,-0.64658251586962,-0.64658251586962,-0.101070268723111,-0.00140188131785357,0.569611320514942,0.150160975519212,0.000150304121094173,0.581060876355679,-0.162995401385847,-0.216586398337563,0.884394131632451,4119.0000000001,0.0727828332046104,0.0309197516321172,0.33889267950929,1.88970991185884,1691.28599170815,0.125,107,2,"SNETWORK (2 17 1691.28599170815 0.33889267950929 107 107)",454254.934678845,4500567.93467885
17,108,-0.558908456585076,99,-2.98990202577927,-0.428006652933195,-0.82927785419532,-0.839605386969632,-0.841155980269212,0.781911645855549,0.699969606753052,0.749862579421091,0.491801245369806,0.546132049106225,0.43940744718459,-0.147725107689933,0.546132049106225,0.546132049106225,0.667294022821215,-0.284594820970739,-0.35675611930017,-0.406646598469745,-0.23244582915106,-1,1,-1,-1,-0.558908456585076,0,1.14887201808624,0.623346682853139,0.62492297033478,-0.607798873854579,0.633643332898174,-0.558868255488927,0.776060940239622,0.489433382457689,0.236967572928761,0.367790200128112,0.0399851093800356,3446.0000000001,2.02633852213139,0.0997410073185748,1516.0000000001,0.241751693812503,2.26809021584389,0.099364891026357,-0.665612151976145,-0.74708957983736,-0.225556235780722,0.344071579653684,0.803795447337171,0.561985159212672,0.754627006356707,0.74251401696543,0.478319445806007,0.602165379936401,-2.07925775368305,-2.1423760731471,-1.81729682078819,-0.514473315759489,-1.7692309385221,0.380506455207011,-0.952454203538719,-0.935234804570517,-0.924622065803275,0.3902503295823,-0.412537487544576,1.64336346635339,0.456205110509324,0.456205110509324,10.3291526296444,0,1.49447606690624,2.0412867702678,1.19814336459685,1.22722447275808,0.252045881821011,-0.0802162047835323,-7.98903544363340e-11,3446.0000000001,0.0887737642990918,0.0105911266272653,0.341616548854107,0.080662194285754,1695.82157769396,0.125,108,2,"SNETWORK (2 17 1695.82157769396 0.341616548854107 108 108)",454251.434642019,4500565.43464202
17,109,-0.542338597435374,101,-2.98990202577927,-0.428006652933195,-0.82927785419532,-0.839605386969632,-0.841155980269212,0.779078145919552,0.697772570632887,0.749862579421091,0.491591020892109,0.546314886940651,0.439484296882866,-0.147966884100238,0.546314886940651,0.546314886940651,0.667016139809034,-0.285369603942791,-0.35776479983379,-0.40733748497378,-0.233259929292125,-1,1,-1,-1,-0.542338597435374,0,0.883196746644013,-0.697513859099203,-0.691403040000338,-0.562034454869006,-0.658464290603253,-0.546373749393799,-0.481550939418912,0.488814185468325,0.448207239109606,0.107441337841151,0.0399851093800356,1029.0000000001,0.176759741042439,0.0863843423482106,489.0000000001,0.0675367978055104,0.24429653874795,0.0124983841691459,1.12552262407723,0.203967746188601,0.173152703210189,-0.233600332356558,-0.521027085709286,-0.244077603436261,-0.570993336098146,0.0816000823277972,-0.473677428890826,-0.706902737324702,-1.0078955907016,-0.889672696291694,-1.4601802426447,-0.448503809275513,-1.7692309385221,0.380506455207013,-0.952454203538719,-0.935234804570517,-0.924622065803275,-0.542129780723164,-0.177255656239323,0.605053328272354,-0.478232277959144,-0.478232277959144,-0.241981715939034,0,1.42878485499077,1.22833554635748,0.806873915157368,1.25301476976799,-0.246013496776709,-0.892093114388219,-7.98903544363340e-11,1029.0000000001,0.00904315362996191,0.00345523043918397,0.34763472772798,1.81388113450045,1705.84260451465,0.125,109,2,"SNETWORK (2 17 1705.84260451465 0.34763472772798 109 109)",454243.762919562,4500559.76291956
17,110,-0.537701115296825,103,-2.98990202577927,-0.428006652933195,-0.82927785419532,-0.839605386969632,-0.841155980269212,0.779078145919552,0.697772570632887,0.74555414329786,0.489970190169063,0.54825547801866,0.440571742952914,-0.150629333594806,0.54825547801866,0.54825547801866,0.668161632778232,-0.288462558416142,-0.360603550790889,-0.409228711633724,-0.236630066841291,-1,1,-1,-1,-0.537701115296825,0,0.807608506032547,1.74453651757957,1.7646249529317,-0.468896002793643,1.89101875446378,-0.538631663308408,0.184721617838902,0.488489943801598,0.296399518705326,0.286518942068575,0.0399851093800356,2862.0000000001,1.31105086925433,0.274551968039725,1615.0000000001,0.708914178253261,2.01996504740759,0.0776391970979061,1.89881243818785,2.23128779731338,-0.411523323516592,0.185422707455508,0.788286168404657,-0.0978642810245932,0.652192577456278,0.206759975810215,1.67664168613847,2.20998967536699,-0.919104139665049,-1.20294965096624,-1.18031567921786,-0.469704431119222,-0.884615652659999,0.190253227603506,-0.952454203538716,-0.935234804570517,-0.924622065803275,-0.35062343527296,-0.297317282383527,0.74380479635604,-0.326996137862247,-0.326996137862247,0.475101611155763,0,1.46651053318562,1.53292928408918,0.764478969994829,1.3007396271602,-0.246013496776709,-0.892093114388219,-7.98903544363340e-11,2862.0000000001,0.0503914346637945,0.0272477623341115,0.355356128318531,0.30639976702616,1718.69971029911,0.125,110,2,"SNETWORK (2 17 1718.69971029911 0.355356128318531 110 110)",454233.5,4500555.5
17,111,-0.529569283871806,105,0,0,-0.82927785419532,-0.839605386969632,-0.841155980269212,0.779078145919552,0.697772570632887,0.743661889988524,0.488649980449124,0.548954148156068,0.442020095011323,-0.154404451322851,0.548954148156068,0.548954148156068,0.668100560681582,-0.291275297165117,-0.363425550679832,-0.411174312460556,-0.239664312601445,-1,1,-1,-1,-0.529569283871806,0,0.599904663853331,6.31693957275525,6.58817384158174,-0.138560355876612,9.0196790979368,-0.530006591732988,-0.376738548853777,0.486460818532399,0.539842324130007,0.160937196952319,0.0399851093800356,2859.0000000001,0.735643094619757,0.105485079797972,2294.0000000001,0.386884226462624,1.12252732098238,0.0254476325962847,5.4208504041289,1.17992425413407,-0.0860895022589602,-0.429042387418828,-0.389219671445842,-1.33334072012659,-0.176130241054923,-0.982368975880853,-0.0801095350066273,-0.172189927183594,0.364636436199712,0.241185139489639,-1.05585845983053,-0.0278400587082259,-6.83214319361007e-16,-3.57504200799203e-15,-0.952454203538716,-0.935234804570517,-0.924622065803275,-0.593367144209609,-0.0112899794868482,0.584973340067254,-0.515794253652191,-0.515794253652191,0.338275687210946,0,0.104301054904568,-0.23903115776445,-0.391645121761771,0.206583828642281,-0.164172753814642,-0.86875262293372,-7.98903544363340e-11,2859.0000000001,0.016676988407777,0.00877064408850775,0.364136930290802,1.30148456228198,1733.32085299284,0.125,111,2,"SNETWORK (2 17 1733.32085299284 0.364136930290802 111 111)",454225.5,4500547.36413868
17,112,-0.523183699222447,107,0,0,-0.82927785419532,-0.839605386969632,-0.841155980269212,0.769502194049464,0.692550249167142,0.743661889988524,0.485614338991175,0.551483097275784,0.444744397098761,-0.162145762442969,0.551483097275784,0.551483097275784,0.66603332522237,-0.2942067886771,-0.36524980943474,-0.410430348939717,-0.243228709880433,-1,1,-1,-1,-0.523183699222447,0,0.551645353665255,4.03605807498492,4.1501358282281,-0.226394400877305,5.00922393895425,-0.523914813507801,0.0691191988062845,0.482973651703785,0.569436498215834,3.93011285850851,0.0399851093800356,776.0000000001,4.87599574253878,0.106376215363649,864.0000000001,0.146945013105743,5.02294075554452,0.148029832626206,3.79980955973825,4.40314923139055,-0.0358874545789325,-0.0870278106045931,-0.0394577858244835,-0.615372232930121,-0.015731857659485,-0.254294846716969,-0.331959160133118,-0.512449167462208,-0.760119324157417,-0.84712700551407,-1.42364861817834,-0.400884485771946,-6.83214319361007e-16,-1.78752100399602e-15,-0.952454203538719,-0.935234804570517,-0.924622065803275,0.131407130137518,-0.303795986310819,1.2582931360087,0.141683983156511,0.141683983156511,-0.403569915828319,0,1.24860876677105,1.00779789756889,-0.0851530870491206,1.2813425043238,-0.112730001095629,-0.759533666244993,-7.98903544363340e-11,864.0000000001,0.143699252747373,0.00433057977883241,0.37130997607785,0.170265702583545,1745.26487887251,0.125,112,2,"SNETWORK (2 17 1745.26487887251 0.37130997607785 112 112)",454224.029297657,4500536.02929766
17,113,-0.517863306548889,108,0,0,-0.82927785419532,-0.839605386969632,-0.841155980269212,0.769502194049464,0.692550249167142,0.743661889988524,0.485240139420874,0.551726202019756,0.445201574485211,-0.162909168054318,0.551726202019756,0.551726202019756,0.665595486175664,-0.295039263521959,-0.366133907735024,-0.410796289739295,-0.244155889406324,-1,1,-1,-1,-0.517863306548889,0,0.618121157127007,2.79990729745536,2.85448220562594,-0.330657281803347,3.22807468428611,-0.521326042341978,-0.0357101259738924,0.482793749875795,-0.375448067685803,3.88409803910527,0.0399851093800356,1092.0000000001,6.78124439258204,0.222928528249372,1731.0000000001,0.616963243687985,7.39820763617003,0.251545218168095,3.1550346582967,3.72870562743143,0.014176366377019,0.0731710566909135,0.088434837630503,-0.475677834888142,0.0711706428004052,-0.126424288385378,-0.374378094012717,-0.570748986142228,0.490048777313851,0.286014574609313,-0.903911524530067,0,0,-1.78752100399602e-15,-0.952454203538719,-0.935234804570517,-0.924622065803275,-0.464892295193005,-0.184293479496127,0.651096440427726,-0.419348967648483,-0.419348967648483,0.286034398970379,0,0.0572528847572003,-0.152351622784847,-0.326701493044496,0.144239685899124,0.0559836011989414,-0.68677764736961,-7.98903544363340e-11,1731.0000000001,0.230567954211416,0.0209772638566791,0.374885498982642,0.0123270597541705,1751.21857544383,0.125,113,2,"SNETWORK (2 17 1751.21857544383 0.374885498982642 113 113)",454222.5,4500530.70905692
17,114,-0.516874199714217,109,0,0,-0.82927785419532,-0.839605386969632,-0.841155980269212,0.769502194049464,0.692550249167142,0.745184108879262,0.480880083753432,0.554593534503612,0.452155653895944,-0.174729290559174,0.554593534503612,0.554593534503612,0.661290678172528,-0.298972267258867,-0.369209163373531,-0.409992172930933,-0.248909005569773,-1,1,-1,-1,-0.516874199714217,0,0.714856806220147,1.50122058500285,1.51564790183068,-0.434380104138434,1.60456340980933,-0.519378298124717,0.0156264136152689,0.482446497510138,-0.783815119860695,2.87398605006172,0.0399851093800356,1959.0000000001,9.0015161780247,0.127049364303796,1374.0000000001,0.279097408205803,9.2806135861305,0.366964002646987,2.58421293206789,3.09310282685525,0.0744456887305819,-0.0342679836568583,-0.118681723649476,-0.188338440598991,-0.0960429211589652,0.126440102953468,-0.632738750432823,-0.915556160122203,0.3566745705277,0.496884661692484,-0.933948397320756,0.317036007068161,-6.83214319361007e-16,-3.57504200799203e-15,-0.952454203538719,-0.935234804570517,-0.924622065803275,-0.104068913271642,0.307995312801116,-0.257256372887561,-0.104437796088503,-0.104437796088503,0.440156858053058,0,-0.0303479407882913,-0.153203332457296,-0.572945754561741,0.114122979110457,0.232831569252466,-0.106564173338045,-7.98903544363340e-11,1959.0000000001,0.35592823416491,0.0110357683820776,0.377992799330192,1.05826940896136,1756.39262240642,0.125,114,2,"SNETWORK (2 17 1756.39262240642 0.377992799330192 114 114)",454221.889457786,4500526.11054221
17,115,-0.499317089464992,114,0,0,-0.82927785419532,-0.839605386969632,-0.841155980269212,0.763795411387395,0.686239192880596,0.733934484565817,0.477075020707111,0.555681016087867,0.452314864987668,-0.174067206273309,0.555681016087867,0.555681016087867,0.656718275659019,-0.303191395671355,-0.373427100256482,-0.406951943448809,-0.254328582554604,-1,1,-1,-1,-0.499317089464992,0,0.809510890385507,-0.569067958440007,-0.564726598957706,-0.534928653923376,-0.541045391964756,-0.49942342530868,0.123657638441041,0.474373925949479,0.126388661838551,0.0931202216459756,0.0399851093800356,367.0000000001,0.0546394903966766,0.223328267474346,62.0000000001,0.0221376727210355,0.076777163017712,0.00386898174776424,-0.273854831502435,-0.946430943275564,-0.247996817794552,0.747496956757774,1.37726154022898,0.321212010963023,1.48199636564416,0.544451898184373,1.85263728585398,2.43574339791648,0.83557911132035,0.768667664888758,-0.786829079987633,1.13400345683304,0,-1.78752100399602e-15,-0.780347357377219,-0.759726138746638,-0.735731111812336,-0.280523579841029,0.662413233772871,-0.807934485509683,-0.267078845494425,-0.267078845494425,0.0458118556243308,0,-0.863640087782384,-0.993780762958434,-1.14858809075647,-0.586002451939448,0.0415982570614111,0.00937012464037541,2.34449837971299,367.0000000001,0.00275341230604739,0.00111556934171685,0.395309205294848,1.42021542147464,1785.2266222337,0.125,115,2,"SNETWORK (2 17 1785.2266222337 0.395309205294848 115 115)",454209.5,4500503.5
17,116,-0.486545920166274,117,0,0,-0.82927785419532,-0.839605386969632,-0.841155980269212,0.749466654796209,0.676976485328228,0.719458075375079,0.467423614936029,0.554329573645385,0.435809640294242,-0.150100070712785,0.554329573645385,0.554329573645385,0.645098168129864,-0.29990468678792,-0.368648093389558,-0.384482894376572,-0.253739408477183,-1,1,-1,-1,-0.486545920166274,0,0.859286368900562,-0.34871581647245,-0.346726654939268,-0.546304140656425,-0.33562938797193,-0.489498729207011,0.0306009266215794,0.464887242345543,-0.616464179570271,2.15489068810403,0.0399851093800356,155.0000000001,0.534015075150806,0.163181617143235,110.0000000001,0.0286985856322095,0.562713660683016,0.0276305036702257,-0.482551978675534,-0.49625346485748,-0.239322603229226,-0.0757850847478474,0.254100549238319,0.194332066247041,0.266205895691399,0.437095776238097,0.340104395647198,0.396179906172665,0.296703214491197,0.449420912323288,-0.95901237064577,0.293309386556975,0,-1.78752100399602e-15,-0.952454203538719,-0.935234804570517,-0.924622065803275,-0.414540063262222,0.5860999175967,-1.0364166247293,-0.379444374905107,-0.379444374905107,-0.0846735023113633,0,-0.780676027004226,-0.919755800843477,-1.26170559924898,-0.476394161570615,0.0556280987120511,0.191401150801215,0.758424061106667,155.0000000001,0.0262213386155548,0.00140916495467087,0.406229707446184,0.33728445880115,1803.4106355785,0.125,116,2,"SNETWORK (2 17 1803.4106355785 0.406229707446184 116 116)",454195.801268029,4500495.5
17,117,-0.483506225991427,118,0,0,-0.82927785419532,-0.839605386969632,-0.841155980269212,0.746590256723846,0.67625779809069,0.713474167563437,0.464974499770855,0.555037116131869,0.432607498190976,-0.142261427168257,0.555037116131869,0.555037116131869,0.642246000007784,-0.299207394991559,-0.367587157437695,-0.379323308528742,-0.253671182995631,-1,1,-1,-1,-0.483506225991427,0,0.844246875650132,-0.245275921988972,-0.244096572542743,-0.538741124178006,-0.237436596359653,-0.485554058275461,-0.244316987437813,0.462322595355813,1.10025856138466,1.19813493379282,0.0399851093800356,69.0000000001,0.13217563228408,0.111463145566594,1540.0000000001,0.274440745359956,0.406616377544036,0.0197243921340638,-0.118626414474095,-0.49273813660177,-0.69340753451377,0.0336938759682772,1.036501628015,-0.0834763786697634,1.07426057045026,0.20541442224663,1.13106784389928,1.45895979842016,-0.198293174873928,-0.301126155564705,-1.24293524238763,-0.291088516168902,0,0,-0.952454203538719,-0.935234804570517,-0.924622065803275,-0.225298130929836,-0.351901120873569,0.77029207737399,-0.218041652983911,-0.218041652983911,-0.245198622127418,0,0.353854193715376,0.112830353710264,-0.504190825293755,0.482968921822408,-0.494675556906852,-1.35409742361197,-7.98903544363340e-11,1540.0000000001,0.00641165514025031,0.0133127368938135,0.408933113761516,2.16759049613029,1807.91214803948,0.125,117,2,"SNETWORK (2 17 1807.91214803948 0.408933113761516 117 117)",454191.713969131,4500494.5
17,118,-0.479553510123035,121,0,0,-0.82927785419532,-0.839605386969632,-0.841155980269212,0.708357692009887,0.647634617971184,0.695983726941684,0.437264811365576,0.523861861938363,0.364399516071876,-0.138842916268498,0.523861861938363,0.523861861938363,0.60914051743472,-0.275993929222935,-0.339324595780114,-0.315347417592945,-0.235648375930247,-1,1,-1,-1,-0.479553510123035,0,0.466564654038111,0.125107796975399,0.124902739719407,-0.353309589901005,0.123647255014803,-0.482832555040122,0.599968571696966,0.434868739651723,-1.11659238142689,1.22672755138044,0.0399851093800356,1119.0000000001,2.19469806329954,0.194391217580226,4030.0000000001,1.25250151695879,3.44719958015833,0.160101029496432,0.167863591556696,0.325893156775366,0.266709699432945,0,-0.350046146808468,0.546710547089111,-0.346506198059931,0.70224899736607,-0.375094198867247,-0.531537011173544,1.22370612817968,0.999736483698113,0.0693632160694951,2.06518158029412,0,0,-0.78559081344183,-0.765073235615419,-0.74148591727385,0.317580654728352,0.955649033594539,-0.218784391958774,0.362845613572437,0.362845613572437,0.192686509531493,0,-0.902847966344944,-0.983401471106153,-0.923704010094189,-0.677938442095947,0.242663114902819,-0.258319691463892,2.57773196563209,4030.0000000001,0.101930106154938,0.0581709232414946,0.419798244869822,0.660700419588612,1826.0039616144,0.125,118,2,"SNETWORK (2 17 1826.0039616144 0.419798244869822 118 118)",454177.808202429,4500485.80820243
17,119,-0.478490173882384,122,0,0,-0.82927785419532,-0.839605386969632,-0.841155980269212,0.677631625699322,0.625790268945717,0.683231540975298,0.413057462758734,0.49288827705107,0.299690599799256,-0.130297422584564,0.49288827705107,0.49288827705107,0.579435060868624,-0.260546797689954,-0.320823803004506,-0.272248370906032,-0.223732690513657,-1,1,-1,-1,-0.478490173882384,0,0.096871305891447,-0.0371452640590154,-0.0370330897400274,-0.0765722378804786,-0.036378939860682,-0.479690450560311,0.27457962977939,0.434517303522624,-0.572570198141722,7.73993029575868,0.0399851093800356,1670.0000000001,20.6656987973782,0.205586625532807,1778.0000000001,0.584417469195073,21.2501162664732,1.00591199751927,0.0494472689509796,0.1484250926953,0.713221288631964,0.617235871686043,-0.156454815675959,0.33485631236856,-0.157800853922676,0.534615926509636,-0.220722781234527,-0.316384865867453,-1.01849368784099,-0.651012282303419,0.0682219694825895,-0.414962872840686,0,-1.78752100399602e-15,-0.952454203538719,-0.935234804570517,-0.924622065803275,-0.112386923062034,-0.139064899820661,0.270992768040559,-0.112503275866159,-0.112503275866159,2.41122102620411,0,1.11853451062729,1.00283227333046,-0.0619120532538201,1.14557514256855,0.0327650606247615,-0.447122927583856,1.76318196315473e-11,1778.0000000001,0.978247558491267,0.0276644389280076,0.423463524187404,0.741089119575918,1832.10711393283,0.125,119,2,"SNETWORK (2 17 1832.10711393283 0.423463524187404 119 119)",454173.661138861,4500482.5
17,120,-0.474537458013992,123,0,0,-0.82927785419532,-0.839605386969632,-0.841155980269212,0.677631625699322,0.625790268945717,0.683231540975298,0.412979679701986,0.492858477684537,0.299856085228268,-0.130438378546266,0.492858477684537,0.492858477684537,0.579293558589431,-0.260682762532511,-0.320971520839888,-0.27217450661517,-0.223903779187287,-1,1,-1,-1,-0.474537458013992,0,-0.224172431112202,-0.18185089945162,-0.181075990636133,0.299056647670859,-0.176663243250657,-0.475053838929359,0.73244240250109,0.410651024969746,0,0.362460191883774,0.0399851093800356,2773.0000000001,1.60696626634449,0.109265557354653,1328.0000000001,0.23199463130061,1.8389608975451,0.0885428846500562,-0.0667757605733947,0.0316932749495224,-0.637396843593406,0.283746404566896,1.28080756374545,0.706214429400334,1.31780788256633,0.813107476013093,1.159962360959,1.5009999659668,1.04004839086592,1.10599000534429,0.0680730960884522,2.35232660313046,6.83214319361007e-16,-1.78752100399602e-15,-0.808129197824623,-0.788057107907973,-0.766222277403797,0.090610388357477,0.708039558905709,-0.335302877115642,0.0964777465437866,0.0964777465437866,-0.00827444342483369,0,-0.599147846777773,-0.753420041048048,-0.991098385644774,-0.35787272683226,0.290930414867032,-0.25031023536217,2.5165438242644,2773.0000000001,0.0773727319518323,0.0111701525982239,0.426545975165932,0.0606766025397273,1837.23978356208,0.125,120,2,"SNETWORK (2 17 1837.23978356208 0.426545975165932 120 120)",454169.105917225,4500481.10591722
17,121,-0.467619277376733,124,0,0,-0.82927785419532,-0.839605386969632,-0.841155980269212,0.655475614182768,0.6056653409699,0.662821907706444,0.397294831420991,0.483252858187451,0.271995595702596,-0.127943157424326,0.483252858187451,0.483252858187451,0.559660091873629,-0.257660114309013,-0.314521917755234,-0.240350138915624,-0.224993278496655,0.725806451612905,-2.78466643381065,-5.60679611650445,0.648688046647234,-0.467619277376733,0,-0.0939046635736314,-0.345128124281768,-0.343170180802205,0.1102458462012,-0.332242715111904,-0.468099080180416,-0.652511040741521,0.408084286098295,0.719965024052491,0.248796501848451,0.0399851093800356,4924.0000000001,1.95865925243566,0.663955572097257,393.0000000001,0.417184481376925,2.37584373371259,0.116610039947735,-0.0308406883100663,-0.0828764499141212,-1.1643972820699,0.753007625273448,2.63864368224139,-0.509479336940112,2.76697054256285,-0.196106064194647,2.48416170717104,3.21940826928832,-0.414890150480678,-0.596252648846255,0.167986047417704,-0.356903527321534,6.83214319361007e-16,-3.57504200799203e-15,-0.952454203538716,-0.935234804570517,-0.924622065803275,-0.0717901010174069,-0.566111202604412,0.71993491834809,-0.0727493912474421,-0.0727493912474421,-0.909751753281249,0,0.622091689096972,0.48190850194434,-0.0288565156434512,0.640434466035513,-0.201585664883015,-0.746020996910445,3.41270896045105e-12,4924.0000000001,0.0961339882045628,0.0204760516431724,0.430207423252964,1.02938681526383,1843.33655639846,0.125,121,2,"SNETWORK (2 17 1843.33655639846 0.430207423252964 121 121)",454165.209061371,4500479.79093863
17,122,-0.455762985506708,126,0,0,-0.82927785419532,-0.839605386969632,-0.841155980269212,0.65246648787961,0.604026436984797,0.662821907706444,0.39662211309236,0.483316741037263,0.273673425895403,-0.129736072157686,0.483316741037263,0.483316741037263,0.558777078992357,-0.258731271685152,-0.315534939651773,-0.240335318508304,-0.226256211442463,0.725806451612905,-2.78466643381065,-5.60679611650445,0.648688046647234,-0.455762985506708,0,0.528978627773613,-0.57223693889896,-0.567855473599401,-0.415565177384013,-0.543962708801683,-0.461272149699063,-1.46915116047042,0.39430715308495,0.408385207670243,0.119600178570194,0.0399851093800356,1509.0000000001,0.288547716812742,0.117509237532581,6582.0000000001,1.23659207966271,1.52513979637545,0.0768840667702514,0.749099591010529,0.0158813785275808,0.257128753967354,-1.2202750482836,-1.93207880020285,-1.77807730394999,-2.08226174941935,-1.57867555043877,-1.82581533560377,-2.45216531046391,-0.190568008887419,-0.35665678451216,0.0671975292040052,-0.266886822513832,0,-1.78752100399602e-15,-0.952454203538719,-0.935234804570517,-0.924622065803275,-0.0354172320735696,-0.620148792196637,0.691346124272611,-0.03628779206208,-0.03628779206208,0.846188244924523,0,0.206134800000975,0.107507183270562,0.191903400541524,0.17198666777584,-0.353575616098282,-0.746020996910445,0.0563356209631243,6582.0000000001,0.0145460251863263,0.0623380414839251,0.437321834076852,1.64830001443624,1855.18294766959,0.125,122,2,"SNETWORK (2 17 1855.18294766959 0.437321834076852 122 122)",454155.313227186,4500476.5
17,123,-0.454014882995899,127,0,0,-0.82927785419532,-0.839605386969632,-0.841155980269212,0.65246648787961,0.604026436984797,0.662821907706444,0.395890531909973,0.483050087150376,0.275983193598328,-0.131845731936334,0.483050087150376,0.483050087150376,0.55784849363809,-0.259449051420696,-0.316183557450328,-0.241035122262425,-0.226999780372175,0.725806451612905,-2.78466643381065,-5.60679611650445,0.648688046647234,-0.454014882995899,0,0.634571146031764,-0.432775406654726,-0.429990111070908,-0.46170307673867,-0.414590463431131,-0.455276640480779,0.264755118249824,0.3933678981923,0.281243434043351,0.0694399411579752,0.0399851093800356,701.0000000001,0.0778258614630479,1.28347543579712,2418.0000000001,4.96181345309252,5.03963931445557,0.249917034948879,0.706404704975985,0.721392849694826,-0.0409101690137036,-1.50339438950152,-1.87384026216261,0.410230126366557,-1.986260288277,0.572891062638275,-1.41114483992545,-1.90952304940138,-0.311279003118604,-0.433243692739739,0.0671592671277837,-0.284449079304385,6.83214319361007e-16,-1.78752100399602e-15,-0.952454203538719,-0.935234804570517,-0.924622065803275,0.000921183031893885,-0.70543313906518,0.595027285064806,0.000954302732940237,0.000954302732940237,1.24577296439011,0,0.33615006660584,0.257196802073337,0.35669118095237,0.263671599471843,0.0112002668183577,-0.306166816203888,-7.98903544363340e-11,2418.0000000001,0.00385940486871925,0.246057629980159,0.441604557980476,2.75597335732773,1862.31422309414,0.125,123,2,"SNETWORK (2 17 1862.31422309414 0.441604557980476 123 123)",454149.446678809,4500473.44667881
17,124,-0.452645350455583,128,0,0,-0.82927785419532,-0.839605386969632,-0.841155980269212,0.64945353803604,0.603292137936665,0.664656889145168,0.395289289903759,0.482890317183386,0.277678229611971,-0.132980240594101,0.482890317183386,0.482890317183386,0.557084020751951,-0.260230376678435,-0.316917036699398,-0.241662858145621,-0.227829212526434,0.725806451612905,-2.78466643381065,-5.60679611650445,0.648688046647234,-0.452645350455583,0,0.625470578996902,0.86912871275659,0.873078763185618,-0.412339363095486,0.895914651431794,-0.451063155333283,-0.0408605274714637,0.3933678981923,0.884538775040368,0.0831991954784901,0.0399851093800356,2131.0000000001,0.283464808998918,0.0827513797423897,985.0000000001,0.130319092953403,0.413783901852321,0.0176141464501692,0.619803771592422,0.679305310193574,-0.38383779802618,0.273677312804303,0.897078061625264,-0.113813174354398,0.818756745343907,0.143434611763327,1.26978698636862,1.61353541418909,1.02431327193175,0.6913886732517,-0.82057525582243,0.753365584233751,-6.83214319361007e-16,-3.57504200799203e-15,-0.481122821583513,-0.460277973283291,-0.447431101631788,-0.290237914421849,-0.186890633177345,0.600072660241357,-0.275535463965358,-0.275535463965358,-0.182499952274789,0,-0.229260703274508,-0.375671259817474,0.226102404086928,-0.27225603982387,0.185086167876705,0.418223127697903,1.2376653858386,2131.0000000001,0.0120666623518306,0.00554748399833862,0.444707766249331,2.42693041525827,1867.48145622963,0.125,124,2,"SNETWORK (2 17 1867.48145622963 0.444707766249331 124 124)",454146.5,4500469.5
17,125,-0.440180377456529,130,0,0,-0.82927785419532,-0.839605386969632,-0.841155980269212,0.639650277021769,0.5908390553642,0.646672205621828,0.379850404261671,0.485834389878179,0.30269127465355,-0.174118761194079,0.485834389878179,0.485834389878179,0.537382069882421,-0.2654302946813,-0.319033579010658,-0.258735841904171,-0.231464794118643,0.725806451612905,-2.78466643381065,-5.60679611650445,0.648688046647234,-0.440180377456529,0,0.582503852449166,1.16146569142536,1.16949008644435,-0.378039691061611,1.21742233112815,-0.44088530113025,-0.413764876691246,0.377630672006543,0.676753025481485,0.137515631172828,0.0399851093800356,3779.0000000001,0.830855564341791,0.162937154849681,5189.0000000001,1.35176243562462,2.18261799986641,0.0897915272896152,1.15575522912382,1.21276216608425,-1.08970017154158,-0.399946292710875,0.970649122171202,-0.5216618603504,0.856729764101776,-0.223424588743193,0.783210525920775,0.958241571833842,-1.67571579795162,-1.0939194237334,0.16704654511965,-0.490901190579647,0,0,-0.952454203538719,-0.935234804570514,-0.924622065803275,-0.625426537926747,0.484047549998944,-1.29263445610732,-0.538708059307943,-0.538708059307943,-8.79953179344974,0,1.24993400411315,0.963712049012486,-0.185921081333653,1.30626293245959,0.976921033770744,-0.25343300820861,4.95527477579915e-10,5189.0000000001,0.0341808736092363,0.055610653580379,0.452452062794537,0.539800234931778,1880.37668666617,0.125,125,2,"SNETWORK (2 17 1880.37668666617 0.452452062794537 125 125)",454142.038549363,4500459.03854936
17,126,-0.432807389685824,131,0,0,-0.82927785419532,-0.839605386969632,-0.841155980269212,0.639650277021769,0.5908390553642,0.645388298990749,0.379757905491484,0.485985794323198,0.302630774843091,-0.173821500406285,0.485985794323198,0.485985794323198,0.537255832499765,-0.265631300551402,-0.319219035049799,-0.258694762529882,-0.231707354426986,0.725806451612905,-2.78466643381065,-5.60679611650445,0.648688046647234,-0.432807389685824,0,0.79329531658416,1.03516480670163,1.04126401257415,-0.484567073930579,1.0772247409418,-0.437241948597497,-1.11631278935257,0.377595110017289,0.279018464437382,0.100108561380452,0.0399851093800356,1479.0000000001,0.236720554074575,0.0988452191028748,2935.0000000001,0.463831616268214,0.700552170242789,0.0292484540422114,1.06495358214191,1.12226369916032,-0.895191309427089,-0.42173436962436,0.683325508791819,-1.36305660379198,0.612779381578716,-1.07321978179288,0.557422352129048,0.664514968610533,-0.347605219231601,-0.625421551252333,-1.34556832643444,-0.336653051765592,6.83214319361007e-16,0,-0.952454203538716,-0.935234804570514,-0.924622065803272,0.211162424509977,0.968158254009938,-1.13506521068948,0.2333686678792,0.2333686678792,-0.0553822786901331,0,0.50669410041382,0.564812814553553,-0.332501740653101,0.595906414858622,0.817618783863287,-0.253032658580393,-7.98903544363340e-11,2935.0000000001,0.00988321857412691,0.0193652353680845,0.455457399416475,0.244021418373712,1885.38095116625,0.125,126,2,"SNETWORK (2 17 1885.38095116625 0.455457399416475 126 126)",454138.5,4500455.5
17,127,-0.431211609479095,132,0,0,-0.82927785419532,-0.839605386969632,-0.841155980269212,0.636611811037973,0.58591393981109,0.64410323828629,0.379062062470306,0.48582453048026,0.301306639284697,-0.171786518203756,0.48582453048026,0.48582453048026,0.536358473410069,-0.267067243647363,-0.320635356200379,-0.259032203474124,-0.233351385278608,0.725806451612905,-2.78466643381065,-5.60679611650445,0.648688046647234,-0.431211609479095,0,0.873763666652325,0.908306157500365,0.912723964566528,-0.519513408553241,0.938392362465616,-0.435026108460617,-0.916859137799108,0.377195560608612,0.0487551494355531,0.0903315722472785,0.0399851093800356,2393.0000000001,0.345604065113589,0.0893717474735261,1182.0000000001,0.168894030794448,0.514498095808037,0.0218013360368877,0.809220548608843,1.03275373065876,-0.232653391353015,-1.14177214238445,-1.13715396311982,-1.06184097719741,-1.02678171218704,-0.746772169881346,-0.953518282542735,-1.3019604185662,0.331169378688939,0.289617948681894,-0.949300913773783,0.170543533887585,0,-1.78752100399602e-15,-0.441601213641658,-0.420452367787699,-0.407418161858614,-0.125350107052988,-0.272753296713453,0.97204639889434,-0.124991781400174,-0.124991781400174,-0.290958144862326,0,-0.0885514994441194,-0.239277697514953,-0.0271387779873377,-0.0719831694076073,0.097717623663971,0.511072835474883,0.184528301781763,2393.0000000001,0.0146446223715295,0.00715671356535821,0.459444770803818,0.874173501739278,1892.02042740217,0.125,127,2,"SNETWORK (2 17 1892.02042740217 0.459444770803818 127 127)",454134.5,4500451.10316445
17,128,-0.42269734459146,134,0,0,-0.82927785419532,-0.839605386969632,-0.841155980269212,0.630523215093483,0.5832995461339,0.632513355795637,0.376131533251206,0.485867393628344,0.306580372371594,-0.182602866908911,0.485867393628344,0.485867393628344,0.532605436661463,-0.269222776952428,-0.322280277399457,-0.261271419323727,-0.235565500488738,0.725806451612905,-2.78466643381065,-5.60679611650445,0.648688046647234,-0.42269734459146,0,0.769690679128596,-0.926315101187635,-0.916314908976212,-0.530110033190129,-0.863479758475771,-0.426343469764928,-0.334016591130512,0.37396569523166,0.369914361432793,0.199246045479701,0.0399851093800356,2453.0000000001,0.781418759573655,0.0714901810692383,500.0000000001,0.0571495711906754,0.83856833066433,0.0440751389319294,0.680516509624277,-0.225515243871374,-0.870287482978478,-0.241059085875974,0.903593455175588,-0.0390737601898292,1.0127561483984,0.19619731118721,0.507752967130968,0.602807925106938,0.238566596068497,0.554725901709178,-0.838745457062663,0.592945356932495,0,-1.78752100399602e-15,-0.952454203538719,-0.935234804570517,-0.924622065803275,0.0923290773916092,0.854198203444989,-0.864252083328092,0.0983596365724334,0.0983596365724334,0.126197737996127,0,-0.383427935196442,-0.469756105559811,-0.711921768891908,-0.207100685474418,0.615243929110252,0.0547576220624574,-7.98903544363340e-11,2453.0000000001,0.0410713582356462,0.00300378059628321,0.465169336337508,1.56478286639322,1901.55255098177,0.125,128,2,"SNETWORK (2 17 1901.55255098177 0.465169336337508 128 128)",454130.5,4500443.22789512
17,129,-0.420797071798393,135,0,0,-0.82927785419532,-0.839605386969632,-0.841155980269212,0.630523215093483,0.5832995461339,0.631220793616562,0.373991448068247,0.484365143355257,0.301279414389618,-0.177373023387449,0.484365143355257,0.484365143355257,0.53063653530822,-0.269726433025664,-0.322668437790682,-0.25895111638037,-0.236497880123202,0.725806451612905,-2.78466643381065,-5.60679611650445,0.648688046647234,-0.420797071798393,0,0.713583537492344,-1.17420425659901,-1.15890786757456,-0.516258167864558,-1.07974273917626,-0.424112173153881,-0.891322208176306,0.372208514586168,0.299386916735409,0.24736707283085,0.0399851093800356,4765.0000000001,1.88452268374245,0.0833638323119619,408.0000000001,0.0543793997279006,1.93890208337035,0.104936189356062,-0.391186621951677,0.653785381563255,-0.515752645162767,-0.340000758461717,0.284432881743721,-0.672144630841974,0.326103401237117,-0.36562280849344,0.450630930267674,0.526565407000947,0.256610384950082,0.451078968106874,-0.832635950740546,0.405001786352269,0,-1.78752100399602e-15,-0.4936569630558,-0.472908526529896,-0.460121067297579,-0.109045987642651,-0.144874675296201,0.736621419305394,-0.109268675214517,-0.109268675214517,0.123746094459811,0,-0.31700278845741,-0.433344098723343,-0.0639771294515355,-0.292250742681877,0.198459411354015,0.584260920108713,-7.98903544363340e-11,4765.0000000001,0.101993097379365,0.00294309187669728,0.469400487813587,0.473983781081482,1908.59795181029,0.125,129,2,"SNETWORK (2 17 1908.59795181029 0.469400487813587 129 129)",454125.447062436,4500439.44706244
17,130,-0.416083656540539,137,0,0,-0.82927785419532,-0.839605386969632,-0.841155980269212,0.618299157809156,0.574272483696355,0.619879932726819,0.367703633940321,0.484026574100591,0.312371714614133,-0.199133103241024,0.484026574100591,0.484026574100591,0.523373687774956,-0.274451298416778,-0.327057168298427,-0.267305563982227,-0.240848490401896,0.725806451612905,-2.78466643381065,-5.60679611650445,0.648688046647234,-0.416083656540539,0,0.585010740279912,0.75451793463098,0.757240215621308,-0.39531866286626,0.772715158643222,-0.419161372574168,-0.495823015851692,0.369405393080264,-0.599543803933414,0.0866601136352669,0.0399851093800356,1236.0000000001,0.171251466512632,0.171974958703233,1071.0000000001,0.294476918006783,0.465728384419415,0.0200928057168679,0.162579388999638,-0.0143423835311527,-0.408853454185708,-0.538582161732053,-0.125659684237532,-0.533065056668705,-0.113356529033307,-0.238245738641432,0.412361190830774,0.479025081661897,-0.336276978580892,-0.356415929669839,-0.835319637272787,-0.287929086642913,6.83214319361007e-16,0,-0.952454203538722,-0.935234804570514,-0.924622065803279,-0.0596010598599873,-0.255378603910423,0.594401076766127,-0.0606204319520882,-0.0606204319520882,-1.33015432827162,0,1.01767893513115,1.05063766145663,0.813438809628044,0.839577771387034,0.690007255791661,0.644244408628646,-7.98903544363340e-11,1236.0000000001,0.00738826007193211,0.0127045455449358,0.476609375544853,0.327024367384145,1920.60165904737,0.125,130,2,"SNETWORK (2 17 1920.60165904737 0.476609375544853 130 130)",454117.373373212,4500433.37337321
17,131,-0.41312004750682,138,0,0,-0.82927785419532,-0.839605386969632,-0.841155980269212,0.618299157809156,0.574272483696355,0.615847555081886,0.367026711122136,0.484282732602025,0.313297338129173,-0.200455656335738,0.484282732602025,0.484282732602025,0.522501150039831,-0.275794235235517,-0.328574215865366,-0.269357254190825,-0.242131568305666,0.725806451612905,-2.78466643381065,-5.60679611650445,0.648688046647234,-0.41312004750682,0,0.577619918292978,2.05143495699831,2.07991306464981,-0.338277327467545,2.26365468028142,-0.41664542945331,-0.418157638741057,0.365443369101024,-0.362051496236774,0.0845052187682654,0.0399851093800356,2067.0000000001,0.279267618321507,0.0825136134602687,896.0000000001,0.118203460314499,0.397471078536006,0.0147412656787472,0.144225367886735,0.143216059377519,0.127131136200266,-0.505835337961316,-0.824454543956768,-0.685616483324249,-0.647953349331543,-0.38194554077108,-0.0702676009853673,-0.144989267164259,0.501343944281236,0.440934401798343,0.0653786942058716,0.763330533105453,-6.83214319361007e-16,-1.78752100399602e-15,-0.952454203538719,-0.935234804570517,-0.924622065803275,0.298443761643981,0.973211628467339,-0.361624849359882,0.338939441745452,0.338939441745452,0.0804644019106985,0,-0.321254011360694,-0.490673663179146,-0.819444588692238,-0.119631963159929,0.476539127450551,-0.0493223665042313,1.42116902513263,2067.0000000001,0.0103573778095913,0.00438388776915589,0.479769491974016,0.203407456807327,1925.86365144687,0.125,131,2,"SNETWORK (2 17 1925.86365144687 0.479769491974016 131 131)",454114.5,4500429.30157097
17,132,-0.411447878115316,139,0,0,-0.82927785419532,-0.839605386969632,-0.841155980269212,0.609089870436696,0.566700467531942,0.592082871214825,0.362986196660794,0.479522861108429,0.302822758656536,-0.19616597531813,0.479522861108429,0.479522861108429,0.517251181176751,-0.276700009858847,-0.328516962497248,-0.263670596342355,-0.244029872546616,0.725806451612905,-2.78466643381065,-5.60679611650445,0.648688046647234,-0.411447878115316,0,0.614621237652463,3.17453476531366,3.24505433975833,-0.311807454311418,3.74204487741762,-0.41162460542403,0.131452710971151,0.36096255845502,0.165014409943287,0.0664435705002479,0.0399851093800356,2326.0000000001,0.247092319794924,0.195845598371061,1177.0000000001,0.368541884766556,0.61563420446148,0.0200430459044074,-0.186956880738985,0.125123129278791,0.386436668494086,-0.426236489046549,-1.08442014778685,-0.411733678660789,-0.746787559203696,-0.133221625521367,-0.290909742561943,-0.432957676597816,0.255954467293148,0.196672064609243,-1.06056484222818,0.309604781630505,0,-1.78752100399602e-15,-0.952454203538719,-0.935234804570517,-0.924622065803275,0.230549300033285,0.953754255732135,-0.915246332876063,0.256335877219597,0.256335877219597,-0.222260513042678,0,-0.148764584433123,-0.301988938881353,-0.73522207191013,0.0334717931937036,0.691647586874398,0.240543245082924,-7.98903544363340e-11,2326.0000000001,0.00804452164365889,0.0119985241607486,0.482924913859914,1.50788542832015,1931.11782683977,0.125,132,2,"SNETWORK (2 17 1931.11782683977 0.482924913859914 132 132)",454112.5,4500425.46160914
17,133,-0.407723569692134,140,0,0,-0.82927785419532,-0.839605386969632,-0.841155980269212,0.599845003074389,0.556308937186328,0.592082871214825,0.361979221412624,0.476869359191608,0.296996669553773,-0.189813426254592,0.476869359191608,0.476869359191608,0.514429576839106,-0.277472959619707,-0.328868850984632,-0.260775576784803,-0.245366236249987,0.725806451612905,-2.78466643381065,-5.60679611650445,0.648688046647234,-0.407723569692134,0,0.637106127466912,3.91324339279758,4.02054357163438,-0.292496537575842,4.82101480340436,-0.405743662883181,0.397350288705032,0.359866412433308,0.908445539712241,0.119849203254964,0.0399851093800356,7170.0000000001,1.37388657920061,0.241296465743521,580.0000000001,0.223756432425468,1.59764301152608,0.0477560729737679,0.120635669615077,-0.201347960487579,0.373215275834484,0.137056355413794,-0.319999301608913,-0.355952319104754,-0.195480557950962,-0.0842598308639346,-0.220473532011198,-0.343775858348654,-0.620448425891563,-0.545924641943842,0.166007365143685,-0.353423519983006,6.83214319361007e-16,1.78752100399602e-15,-0.952454203538719,-0.935234804570514,-0.924622065803275,0.252480239106267,0.728167562221084,-2.01368612683721,0.282645775122493,0.282645775122493,-3.3112069820124,0,0.553195143785225,0.570629317797034,-0.012509247025694,0.567577282238823,0.693661952494784,0.406412092332229,6.06125477648429e-11,7170.0000000001,0.0410676397183716,0.0066884331553963,0.487251462911751,1.55147849031606,1938.3220766632,0.125,133,2,"SNETWORK (2 17 1938.3220766632 0.487251462911751 133 133)",454108.5,4500420.5
17,134,-0.40430329778982,141,0,0,-0.82927785419532,-0.839605386969632,-0.841155980269212,0.596755438294373,0.551888761524945,0.592082871214825,0.360595944349376,0.476422470247796,0.296619688178525,-0.188345557061821,0.476422470247796,0.476422470247796,0.513972025843731,-0.277964118519521,-0.329416151094,-0.261305870999268,-0.245868233811976,0.725806451612905,-2.78466643381065,-5.60679611650445,0.648688046647234,-0.40430329778982,0,0.381032531939509,2.89991829537287,2.95856619088161,-0.153746633999224,3.36317940486065,-0.403199900835289,0.383792782810892,0.35865102915351,0.669353884739787,0.0953132808498548,0.0399851093800356,4198.0000000001,0.63972368083396,0.200735588610766,2444.0000000001,0.784372125863913,1.42409580659787,0.0478623848518047,0.659049603127529,0.101869000973408,-0.302672053911283,0.409573426781283,0.970339175410681,-0.173330898709153,0.703970414338289,0.0740267175885572,0.26494557683029,0.283155227780432,-1.1625526194821,-0.917442874904845,-0.996833415424217,-0.454513677664803,0,-1.78752100399602e-15,-0.952454203538719,-0.935234804570517,-0.924622065803279,0.019171284345698,-0.520273374652466,0.850175100402286,0.019971282410534,0.019971282410534,-3.39292532820819,0,1.34075025575159,1.26931123940365,1.43516442993997,1.01770793379588,0.677617745223758,0.514730829551884,-7.98903544363340e-11,4198.0000000001,0.0215004501820891,0.0263619345697156,0.491190147398883,0.956086149439216,1944.88048307002,0.125,134,2,"SNETWORK (2 17 1944.88048307002 0.491190147398883 134 134)",454103.770020718,4500417.5
17,135,-0.396474103215989,142,0,0,-0.82927785419532,-0.839605386969632,-0.841155980269212,0.596755438294373,0.551888761524945,0.592082871214825,0.36023225600296,0.476728100120767,0.297036471211014,-0.188757374660039,0.476728100120767,0.476728100120767,0.513650578185895,-0.27855858113069,-0.330060340207342,-0.262083614500284,-0.246455868069199,0.725806451612905,-2.78466643381065,-5.60679611650445,0.648688046647234,-0.396474103215989,0,0.61532274622657,1.84180599413619,1.8644040594582,-0.369291580988481,2.00773831726737,-0.399705254399904,-0.309276903017417,0.358102956142654,0.0655663190853391,1.33391554635852,0.0399851093800356,2788.0000000001,5.94590105823211,0.134743631365265,3301.0000000001,0.711132203665269,6.65703326179738,0.252988383041933,0.637129262128871,0.632623847734109,0,0.39567840813235,0.532044290363231,-0.54282018008146,0.437029908950542,-0.25325527849052,0.211531923212852,0.214634568057065,0.74569757134348,0.350738791168359,-0.87261911425015,0.710489267402451,0,-1.78752100399602e-15,-0.952454203538719,-0.935234804570517,-0.924622065803275,0.446983438445542,1.11554406564699,-0.815913041113371,0.532015849800876,0.532015849800876,0.113785579433368,0,-0.10252562588001,-0.238922476824579,-1.16459564076714,0.180329783106053,0.476523348231251,0.0771777069931597,0.406683990408933,3301.0000000001,0.225963103186603,0.0270252797553303,0.494082180459503,0.274032034940911,1949.69608285098,0.125,135,2,"SNETWORK (2 17 1949.69608285098 0.494082180459503 135 135)",454099.992897002,4500414.992897
17,136,-0.389101267467107,144,0,0,-0.82927785419532,-0.839605386969632,-0.841155980269212,0.575016500609227,0.530948085894831,0.562627644536513,0.350904595927531,0.450854290716035,0.259214969361068,-0.16766923055117,0.450854290716035,0.450854290716035,0.495564446563571,-0.283389052322434,-0.3331170379859,-0.231930729614751,-0.256556751236976,0.725806451612905,-2.78466643381065,-5.60679611650445,0.648688046647234,-0.389101267467107,0,0.765978632468479,2.13167333782377,2.1625707196341,-0.437211759930079,2.36321300989207,-0.391766381557582,-0.660669865544333,0.348829644474242,0.371225481688199,0.193354045530548,0.0399851093800356,7902.0000000001,2.44279410304469,0.124014751091869,1595.0000000001,0.316250053535653,2.75904415648034,0.101376347402592,-0.0468584291752377,0.0438991252949263,-0.911932737289643,0.00344792596593687,1.29108595010956,-0.951797587207502,1.01926893967497,-0.649827361831344,0.85314693577339,1.04853273080465,0.244153582761066,0.330784710058876,-1.05819260458531,0.623477496789394,0,0,-0.952454203538719,-0.93523480457052,-0.924622065803275,0.355366121214203,0.570070150191887,-0.391533986339559,0.410873527985844,0.410873527985844,-0.135961072013847,0,0.263998030009163,0.271241598103706,-0.322879040175037,0.350489083578706,0.849038962781943,0.200341163737684,-7.98903544363340e-11,7902.0000000001,0.0897562812817504,0.0116200660208413,0.500966856679465,0.0744026638567448,1961.1599370331,0.125,136,2,"SNETWORK (2 17 1961.1599370331 0.500966856679465 136 136)",454091.390061691,4500409.5
17,137,-0.380511069460167,146,0,0,-0.82927785419532,-0.839605386969632,-0.841155980269212,0.571894847085231,0.527160803721889,0.560282930629366,0.343973494897852,0.448165181527695,0.25667389559789,-0.166596835454883,0.448165181527695,0.448165181527695,0.492373523407083,-0.286352273649925,-0.336128007293387,-0.232408841634625,-0.259980407248708,0.725806451612905,-2.78466643381065,-5.60679611650445,0.648688046647234,-0.380511069460167,0,0.595260964669969,-0.482797570930074,-0.479479409482754,-0.445195371174077,-0.461226628112512,-0.384409324674547,-0.949665245903803,0.341922251032082,0.561822861558435,0.107741464781236,0.0399851093800356,3305.0000000001,0.569312754684803,1.09237625235872,735.0000000001,1.2836781941759,1.8529909487607,0.0924328958331684,0.401379733147938,0.0018539356857964,-0.583417162271672,-0.954947510691065,-0.431484533285643,-0.876923566860995,-0.460705171889872,-0.579053326798044,-0.673442720271356,-0.924737222378148,-0.49908998301019,-0.363076367229722,0.165083083639662,-0.192528219537866,0,-1.78752100399602e-15,-0.952454203538719,-0.93523480457052,-0.924622065803275,0.403478737863882,1.06317753462535,-1.37348378549319,0.473648524217712,0.473648524217712,-0.752013339703713,0,0.218684415577861,0.323049307034874,-0.604448439635595,0.371011791047404,0.953537964353071,0.498323562480733,-5.40978621469061e-11,3305.0000000001,0.0283990736825427,0.0640338220506257,0.507686528440438,0.76812662375044,1972.34903798111,0.125,137,2,"SNETWORK (2 17 1972.34903798111 0.507686528440438 137 137)",454082.045906627,4500405.04590663
17,138,-0.375038050438882,148,0,0,-0.82927785419532,-0.839605386969632,-0.841155980269212,0.565639393525473,0.51820848902349,0.552324255777602,0.341812387267124,0.447039391146238,0.259992426869332,-0.171636913028872,0.447039391146238,0.447039391146238,0.489530373950973,-0.288083541946907,-0.337927959292103,-0.233525437972693,-0.261857507409646,0.725806451612905,-2.78466643381065,-5.60679611650445,0.648688046647234,-0.375038050438882,0,0.490287373458426,-0.664059580787363,-0.658438105976083,-0.398581110018458,-0.628044709902519,-0.377770572300167,-0.464515119087201,0.340966261085666,-0.0243147812752104,0.130299510140481,0.0399851093800356,1542.0000000001,0.321235646149314,0.145833681105874,3277.0000000001,0.764065963916456,1.08530160996577,0.0553063307857675,-0.790987585277629,-0.424487899364743,-0.287687782890158,-0.609694165686987,-0.396263852500824,-0.231594616660356,-0.432798741529459,0.0142628162791549,-0.258033923836117,-0.385452501143662,0.532653958822138,0.258794123497898,0.064005219753072,0.568585305562798,0,-1.78752100399602e-15,-0.952454203538719,-0.935234804570517,-0.924622065803275,0.625690561171072,1.2514220827164,-1.27395412196676,0.788668507295902,0.788668507295902,-0.381681239430528,0,-0.257388287011807,-0.219454818511799,-1.35519342842003,0.0697930770810408,0.691647586874398,-0.068190261543202,1.0676213724717,3277.0000000001,0.0163699792822171,0.0389363514035504,0.514399136425351,0.580297570625655,1983.52637685111,0.125,138,2,"SNETWORK (2 17 1983.52637685111 0.514399136425351 138 138)",454073.849441297,4500399.8494413
17,139,-0.371541997439086,149,0,0,-0.82927785419532,-0.839605386969632,-0.841155980269212,0.556225728519364,0.505452945374311,0.548715528432564,0.33809982299099,0.435843633435585,0.242945443900526,-0.155339520020899,0.435843633435585,0.435843633435585,0.483899375700204,-0.289341773365136,-0.339363032773711,-0.220416276530925,-0.265256669792313,0.725806451612905,-2.78466643381065,-5.60679611650445,0.648688046647234,-0.371541997439086,0,0.369053157247407,-0.473309333772555,-0.470095646501683,-0.318626954720213,-0.452400738748018,-0.373579649341703,-0.29391170300267,0.33610054420303,0.0256852481592158,0.136007027241895,0.0399851093800356,3851.0000000001,0.837397077947191,0.318951002813267,731.0000000001,0.372767399070789,1.21016447691798,0.060299348660056,-1.04058201399953,-0.796786161603063,-0.281537278824238,-0.473748034234639,-0.224075949354715,-0.0879610228457066,-0.239332643854776,0.13451513242762,-0.0682393929809181,-0.142057382936901,-0.528272272476387,-0.0754611936739847,0.0639702866050216,0.0909668510954685,0,-1.78752100399602e-15,-0.952454203538719,-0.93523480457052,-0.924622065803275,0.559496834515023,1.21802853534292,-1.18905119394559,0.690333869827022,0.690333869827022,-0.540683413895484,0,-0.194213645183477,0.012955821120611,-0.875112313593053,0.0206868088226534,0.810947301835445,0.402985338878515,-7.98903544363340e-11,3851.0000000001,0.0417253185393864,0.0185740300206696,0.517930574858764,0.750924799591303,1989.40666721776,0.125,139,2,"SNETWORK (2 17 1989.40666721776 0.517930574858764 139 139)",454068.94232138,4500397.5
17,140,-0.367056989626441,150,0,0,-0.82927785419532,-0.839605386969632,-0.841155980269212,0.556225728519364,0.505452945374311,0.54184592702204,0.337490172005668,0.43522114947202,0.241910788916808,-0.154391558198709,0.43522114947202,0.43522114947202,0.483455869827578,-0.289609985765839,-0.339797840697383,-0.220091405918771,-0.265621197893224,0.725806451612905,-2.78466643381065,-5.60679611650445,0.648688046647234,-0.367056989626441,0,0.233664847924299,-0.228586238334519,-0.22752008055018,-0.208678992397251,-0.221486548609807,-0.370452409526676,-0.28760484129207,0.33549180662227,0.292921956427647,0.111866483982982,0.0399851093800356,3136.0000000001,0.560883438417311,0.310357072120451,3545.0000000001,1.7590349161003,2.31991835441761,0.112315426941675,-0.98495674896558,-1.0428300407137,-0.3885168311517,-0.298897463150547,0.167342000705731,-0.129949789244672,0.173047874893187,0.0985404001922212,0.33935138438526,0.375806842190592,0.175006320997255,0.400741575665004,0.0639839823279771,0.600859380280602,-6.83214319361007e-16,-1.78752100399602e-15,-0.952454203538719,-0.935234804570517,-0.924622065803275,0.52113886298505,1.06299309088738,-1.1763330754506,0.635137870435651,0.635137870435651,-0.298226129633738,0,-0.215177541600462,-0.112163542658216,-1.07572550719626,0.0466527931867368,0.629600206612636,0.0350168129141735,0.149214707950025,3545.0000000001,0.0271543447491561,0.085161082092519,0.520606954831898,1.25689494993666,1993.8631774105,0.125,140,2,"SNETWORK (2 17 1993.8631774105 0.520606954831898 140 140)",454065.368646651,4500395.36864665
17,141,-0.366904515300537,151,0,0,-0.82927785419532,-0.839605386969632,-0.841155980269212,0.556225728519364,0.505452945374311,0.538440177974324,0.335421563145126,0.431588044672589,0.236548144680797,-0.148730875219728,0.431588044672589,0.431588044672589,0.481111728748631,-0.29023148245038,-0.340663420355288,-0.216474350054939,-0.266880263219614,0.725806451612905,-2.78466643381065,-5.60679611650445,0.648688046647234,-0.366904515300537,0,-0.0139219560153241,0.101916573694296,0.101729485655166,0.0495465919236432,0.100595626246787,-0.366553705952509,-0.397304019629289,0.334991846890993,0.0812743035044773,0.115606285891345,0.0399851093800356,3266.0000000001,0.603662507566113,0.208817446570944,1396.0000000001,0.466067450678999,1.06972995814511,0.0498176934358544,-1.33007346195496,-0.987996060421773,0.19111281485265,-0.292433592747739,-0.658414122622209,-0.306700320108982,-0.6543782379347,-0.0543938318799144,-0.530197851241122,-0.73600075282068,0.13846168166059,0.346924874717883,-1.00457851342544,0.508467309753483,6.83214319361007e-16,-1.78752100399602e-15,-0.64297173641028,-0.623371819091976,-0.611292118897204,0.267197689797487,0.124644971825792,0.0775390079789109,0.300499812259889,0.300499812259889,-0.591230491502384,0,-0.287532541177038,-0.242372605346019,-0.438788803756183,-0.174968745667984,0.429674683061069,0.659351158598178,-7.98903544363340e-11,3266.0000000001,0.0281127713112354,0.0217049220246189,0.524538842854828,0.239511491730809,2000.41026684727,0.125,141,2,"SNETWORK (2 17 2000.41026684727 0.524538842854828 141 141)",454060.009789562,4500394.5
17,142,-0.358544732495778,152,0,0,-0.82927785419532,-0.839605386969632,-0.841155980269212,0.553079679226037,0.504013136036924,0.534686438426598,0.333792323442972,0.429566093146922,0.237316603141211,-0.150360719598342,0.429566093146922,0.429566093146922,0.478958999904604,-0.290692720080801,-0.341272180765506,-0.216156514557571,-0.267470054334575,0.725806451612905,-2.78466643381065,-5.60679611650445,0.648688046647234,-0.358544732495778,0,-0.033863550259871,-0.0783985509627111,-0.0781341264983549,0.0590849753499405,-0.0766039814648632,-0.361864442021387,0.197060926972264,0.33297736479384,-0.299898751546065,0.122129649136335,0.0399851093800356,2120.0000000001,0.413955392752184,0.103276167648012,694.0000000001,0.114592490645445,0.528547883297628,0.0251412616159785,0.424605719979658,-1.32820339295173,-0.218555435808186,-0.404863721170341,-0.217000440470591,0.280462967126183,-0.220220228576729,0.436672562041785,-0.474792471659463,-0.664369527077988,-0.0444703427945221,-0.18396861683174,-1.11818146616507,-0.156619642150189,-6.83214319361007e-16,0,-0.443623848503967,-0.422490560621514,-0.409465942076657,-0.00818588133277364,-0.595391722450637,0.819525440506057,-0.00845673027153705,-0.00845673027153705,0.0112238987577257,0,-0.262269140075073,-0.330108300042257,0.335859819718769,-0.331025846440976,0.110912973551496,1.1286541398423,-7.98903544363340e-11,2120.0000000001,0.0196904785989403,0.00545078291703817,0.527948097598783,0.808048957398707,2006.08710596152,0.125,142,2,"SNETWORK (2 17 2006.08710596152 0.527948097598783 142 142)",454054.967664567,4500392.96766457
17,143,-0.353602909792714,154,0,0,-0.558685236130215,-0.568441110853415,-0.576631726457021,0.410565253104476,0.391421995400323,0.431688935642421,0.251552507767794,0.298344823916884,0,-0.016163518201883,0.298344823916884,0.298344823916884,0.36732209521085,-0.207027347018517,-0.239656334918917,-0.0137288364151842,-0.198407781306268,0,0,0,0,-0.353602909792714,0,-0.341577350028285,-0.885267158268595,-0.876034820020668,0.418180528393847,-0.827085152738825,-0.353292957895264,-0.523100036075212,0.250607430154684,-0.000341609978308022,0.393693826633282,0.0399851093800356,3583.0000000001,2.25528788772887,0.0818243977888621,542.0000000001,0.0709052967364274,2.3261931843653,0.121673913855324,0.150073028750168,0.269922412425772,0.943297395251971,-0.226242843725796,-1.58309025600248,-0.2548184711036,-1.77135098303209,-0.0558351911465889,-1.43465397739705,-1.7387575461852,-0.614224391289532,-0.505320570498039,0.159904332317195,-0.290455085310391,0,-1.78752100399602e-15,-0.952454203538716,-0.935234804570517,-0.924622065803275,0.84599310083885,0.958040031694136,1.26721574349549,1.14599915710047,1.14599915710047,-1.82374875117704,0,0.309981048929872,0.188493035249413,0.475324015294324,0.209676781610006,1.1291982015119,1.19298127709104,-4.53172923727919e-11,3583.0000000001,0.117965139692149,0.00370877406317444,0.535345874677256,0.885205714849753,2018.40533778389,0.125,143,2,"SNETWORK (2 17 2018.40533778389 0.535345874677256 143 143)",454045.5,4500389.5
17,144,-0.333004249633492,156,0,0,-0.558685236130215,-0.568441110853415,-0.576631726457021,0.410565253104476,0.391421995400323,0.4260848415806,0.251005924125781,0.296737923180681,3.56876166386992e-05,-0.0188641336218045,0.296737923180681,0.296737923180681,0.366516526455305,-0.207554819377242,-0.24014414968763,-0.015082258923268,-0.198830584372148,0,0,0,0,-0.333004249633492,0,-0.321573311172722,-0.526549727110147,-0.52272917343267,0.419224104039975,-0.501803317921747,-0.331339942155239,0.73160635897109,0.249553121767389,0.274769122972946,0.416561773764181,0.0399851093800356,2447.0000000001,1.62970860174102,0.105877855188976,675.0000000001,0.114262963178357,1.74397156481938,0.0874439194894159,-0.0853760569247546,-0.00168512705804734,1.02111448969762,0.994806040498439,-0.08568017093757,0.781117066436911,-0.0927053008331568,0.782576351261945,0.12447232967921,0.102239086898269,0.301366165227867,0.127510561140877,0.0589844227661991,0.115647480277705,-6.83214319361007e-16,-3.57504200799203e-15,-0.457422821676869,-0.436395674569227,-0.423436463805213,-0.0360377763515605,-0.692042675513288,0.333908024886315,-0.0369166424260545,-0.0369166424260545,-0.263322768523408,0,-0.549093171890909,-0.60585289034752,-0.0514740386913544,-0.527716848503715,0.138935481211797,-0.0685038944351559,0.0632492075605506,2447.0000000001,0.0817146967720578,0.0057292226173581,0.543660097577858,2.69923933308198,2032.24956747965,0.125,144,2,"SNETWORK (2 17 2032.24956747965 0.543660097577858 144 144)",454033.66039877,4500390.66039877
17,145,-0.321754783157348,157,0,0,-0.558685236130215,-0.568441110853415,-0.576631726457021,0.410565253104476,0.391421995400323,0.416907309055093,0.248615671814363,0.295250682794572,0.00866880472470791,-0.0235632552536243,0.295250682794572,0.295250682794572,0.363133349537331,-0.206958800934161,-0.239259583450606,-0.0155316878270726,-0.198064440273798,0,0,0,0,-0.321754783157348,0,-0.305063993360892,-0.338224383352005,-0.336325877815193,0.41004650120723,-0.325721958451102,-0.320639172163868,1.04816284101192,0.247034496175517,-0.0422977311662736,0.960165175776013,0.0399851093800356,5011.0000000001,7.69248977730115,0.102529121267732,231.0000000001,0.0378665545198471,7.730356331721,0.379109729650636,-0.447040482402536,-0.101212151918091,0.594367111454171,0.752150768523292,0.188223660713835,0.949330493403952,0.196872015059196,0.908634960748988,0.431976987838736,0.481728134115078,-1.33647920035386,-1.24743860785662,0.0589788970876019,-0.473026080743123,0,-1.78752100399602e-15,-0.952454203538719,-0.935234804570517,-0.924622065803275,0.203102482381976,-0.231724009816147,1.27224868670812,0.223899698718048,0.223899698718048,-5.04621757404437,0,-0.0222272045919021,0.192984995313071,0.69091775612803,-0.173650338304375,0.44013598774061,1.19515054837563,14.9259160602439,5011.0000000001,0.377252689772741,0.001857039777895,0.54553558382154,2.56244655419141,2035.3724886064,0.125,145,2,"SNETWORK (2 17 2035.3724886064 0.54553558382154 145 145)",454030.603916989,4500390.5
17,146,-0.307161281941841,159,0,0,-0.558685236130215,-0.568441110853415,-0.576631726457021,0.403870445463704,0.387510266757054,0.416907309055093,0.247022170273418,0.295169914458116,0.0138980532369081,-0.0260910600855148,0.295169914458116,0.295169914458116,0.360879314520349,-0.207019940236774,-0.239102024344598,-0.0161217784116074,-0.198049423695596,0,0,0,0,-0.307161281941841,0,-0.387829861247304,0.188318489589037,0.188110539722193,0.607160504167533,0.186782644678755,-0.307311307411999,0.700502606169028,0.246519893272195,-0.234098458633425,0.21173199374591,0.0399851093800356,3415.0000000001,1.1560424173224,0.10850863733281,322.0000000001,0.055862035469881,1.21190445269228,0.0558696254828498,0.591191327854981,0.407765317956115,-0.0336884403448308,0.62809786342701,0.883298816067727,0.603900058266809,0.871179078015458,0.644407847675199,0.92725307367535,1.1159194934179,1.1782189043509,0.601099853377742,0.0588869718433816,0.530614215501675,6.83214319361007e-16,1.78752100399602e-15,-0.446758748981962,-0.425649574543422,-0.412639815574049,-0.390858574818757,-0.306632031044658,0.255104420625259,-0.360249526834549,-0.360249526834549,0.0676874409262913,-9.44114517255068e-05,-0.495374721076244,-0.502999161941359,0.385031592170797,-0.576094778582125,-0.0630884671547719,-0.391151049569678,1.53471226189825,3415.0000000001,0.0532943472884729,0.00257527809437692,0.552847333169334,1.08238815115946,2047.54747340762,0.125,146,2,"SNETWORK (2 17 2047.54747340762 0.552847333169334 146 146)",454022.5,4500383.5
17,147,-0.297659917976506,160,0,0,-0.558685236130215,-0.568441110853415,-0.576631726457021,0.366718219592759,0.355503583952563,0.396615318755641,0.225474161309446,0.307060871511185,0.0619988432573514,-0.0637770492431282,0.307060871511185,0.307060871511185,0.330801859169774,-0.204750874565799,-0.23599535653437,-0.0482423356416658,-0.190682154631316,0,0,0,0,-0.297659917976506,0,-0.161482839534122,0.298399124314897,0.298346277322949,0.25112964667181,0.297805935871554,-0.300231830069921,-0.0334552085678594,0.224048899827106,0.490518825785489,0.180528634626103,0.0399851093800356,1533.0000000001,0.442471015217853,0.139092604628119,1522.0000000001,0.338466169612173,0.780937184730026,0.0355400344786197,0.586457784858917,0.565730875149301,-0.470334698522703,0.720272690902593,1.59819917495773,0.00592096877806358,1.55551456371673,0.151071626687989,1.51368288148313,1.83507025411969,-0.399924788518214,-0.435821397713607,-1.25660349972173,-0.275117561291195,0,-1.78752100399602e-15,-0.785043648563662,-0.766536538851079,-0.755130266191629,0.190850114545004,0.570995970786985,-0.827933710837337,0.209594075802424,0.209594075802424,0.596748798090428,0,0.456874851823565,0.289820837911954,-0.198856701563574,0.514700845907078,0.684000550379845,1.15945656951697,-7.98903544363340e-11,1533.0000000001,0.0201366196902012,0.0154034146884186,0.557527939436254,1.802928336896,2055.34127314686,0.125,147,2,"SNETWORK (2 17 2055.34127314686 0.557527939436254 147 147)",454016.948840948,4500379.5
17,148,-0.287778128305528,162,0,0,-0.558685236130215,-0.568441110853415,-0.576631726457021,0.366718219592759,0.355503583952563,0.387908437780148,0.224490310753823,0.306179796784458,0.0609382832038985,-0.0621670233213596,0.306179796784458,0.306179796784458,0.329423255124026,-0.205992871085868,-0.237033503507431,-0.0483890537763749,-0.19212497834082,0,0,0,0,-0.287778128305528,0,-0.0243666873328511,0.468118456195047,0.468699820765587,0.0888989797663834,0.47168623768235,-0.291195733855273,-0.188232200623246,0.223197503966731,-0.0471877705061094,0.479333516471211,0.0399851093800356,301.0000000001,0.230675179658378,0.100381851296289,2016.0000000001,0.323550669614932,0.55422584917331,0.0247258969092506,0.378323184744364,0.506674877839642,0.120638771308761,-0.490850184336946,-0.788445994565373,-0.169580347456445,-0.74985706596491,0.00219617291509196,-0.558018237737362,-0.740043965036419,1.05726202675587,0.887040576562032,0.0575878130387191,2.07784247269778,0,-1.78752100399602e-15,-0.295914049586398,-0.28174177958893,-0.273008713696808,0.468021137323426,1.10390415507887,-0.038724071151243,0.560799936515561,0.560799936515561,0.02130382681048,0,-1.35474204446174,-1.47485909369213,-0.993225617816397,-1.11442817816101,0.437679178812724,-0.0392730301230649,3.24766884145404,2016.0000000001,0.0102912029378503,0.0144346938714004,0.56345912764158,0.996950379461208,2065.2174495334,0.125,148,2,"SNETWORK (2 17 2065.2174495334 0.56345912764158 148 148)",454008.662294307,4500375.66229431
17,149,-0.284586263848424,163,0,0,0,0,0,0.328938544358658,0.320422242233052,0.369399037059532,0.208557397589146,0.272536925082581,0.00366192253608736,-0.067385011327028,0.272536925082581,0.272536925082581,0.306316060601201,-0.185357254572103,-0.212794138609317,-0.0135470262927676,-0.17288668598625,0,0,0,0,-0.284586263848424,0,-0.21868436046195,0.709553971245495,0.711852124288156,0.371420471179696,0.724812407543432,-0.284485186359113,0.124795297675166,0.222816781493541,0.734527403540378,0.173573564562625,0.0399851093800356,514.0000000001,0.142640639091174,0.122536484424381,1254.0000000001,0.245674186782759,0.388314825773933,0.0168413139434372,-0.0805105092966699,0.355890840104411,0.427986347412781,-0.190587080117131,-0.825800644645994,0.0593348542259082,-0.762928503403513,0.19478669793332,-0.32844741844028,-0.439881952828885,-0.435342085422789,-0.293417695870893,0.0566758371592062,-0.246006778482663,0,-1.78752100399602e-15,0.0692501308901911,0.0943300689951216,0.109787451212566,0.110925098002004,0.805125758817622,-0.164632309464966,0.118847853904999,0.118847853904999,-0.400241854669681,0,-0.075182336164172,0.0881608071182644,-0.22252960362148,-0.012841291410879,0.973077887914727,0.708761106731287,1.07244491797052,1254.0000000001,0.00618636119264722,0.01065495265079,0.567946571217715,2.6077638367315,2072.68960903135,0.125,149,2,"SNETWORK (2 17 2072.68960903135 0.567946571217715 149 149)",454003.5,4500371.5
17,150,-0.27675691725277,164,0,0,0,0,0,0.325475857415869,0.314153056363679,0.369399037059532,0.208170584550183,0.27212103749482,0.00275758343904014,-0.0674913387174223,0.27212103749482,0.27212103749482,0.305737067822964,-0.185594812137574,-0.213153326433574,-0.0131502556904479,-0.173224279403075,0,0,0,0,-0.27675691725277,0,-0.181841277030488,1.59752202135657,1.61408387941116,0.397161039136052,1.71700540028951,-0.279650067044991,0.43995624038825,0.206836897028168,-0.0382334255961821,0.225018581812102,0.0399851093800356,2656.0000000001,0.955527143130431,0.249524769502612,2156.0000000001,0.860119896632737,1.81564703966317,0.0709912214189163,-0.00523488290778046,-0.0964158180474128,0.804158088721011,0.130233206478903,-0.929437869020037,0.124475972745389,-0.772087582147255,0.239394344921581,-0.638967959225507,-0.815985502695355,0.770775353169366,0.788310058168026,-0.800954668591382,1.78105694118556,-6.83214319361007e-16,-1.78752100399602e-15,0.0348194117635793,0.0474297661507066,0.0552018374709758,0.417053462565548,1.08902567603901,-0.251216586352909,0.491695209909863,0.491695209909863,0.0605541390678126,0,-1.26617898762967,-1.37273296315254,-1.03094226705406,-1.01686334572289,0.499263228860983,0.346819848190102,2.37101568450023,2656.0000000001,0.0373608071442264,0.0336304141746899,0.571748397648096,0.834574088454247,2079.02012951352,0.125,150,2,"SNETWORK (2 17 2079.02012951352 0.571748397648096 150 150)",453998.412120205,4500372.5
17,151,-0.275615488114017,165,0,0,0,0,0,0.311577643065651,0.302239908745383,0.343472678132865,0.200423812547038,0.256938129871112,-0.0249297908706317,-0.0666222278251554,0.256938129871112,0.256938129871112,0.294396093993998,-0.176445949634706,-0.202467722385732,0.00479502156642041,-0.16506278176121,0,0,0,0,-0.275615488114017,0,0.0160900562306215,0.990369491467274,0.995845963214479,0.080954979805776,1.0279756730112,-0.277742984003853,0.825690990977597,0.20673857858729,-1.24581350530137,0.106016482260391,0.0399851093800356,2013.0000000001,0.341203705474793,0.131972948989016,1777.0000000001,0.374946171497823,0.716149876872615,0.0300565315973794,1.36887167520418,-0.0222110082123293,0.946126166799995,0.453240049375174,-0.68375093625124,0.51659520568393,-0.61014161681431,0.55368960048255,-1.50303867512623,-1.87206826964007,-0.0129703482835983,-0.0358429096726243,-0.842431635738119,0.0181918252657803,0,-1.78752100399602e-15,0.0692501308901942,0.0943300689951185,0.10978745121257,0.21189694928101,0.740411141422443,-0.146038179376963,0.234233912933172,0.234233912933172,-0.556248139393427,0,-0.0117470262498924,0.0128219388998793,0.0280761817924772,-0.00795826733071418,0.839812457295751,0.73009879304824,-7.98903544363340e-11,2013.0000000001,0.0143201866679595,0.01573634482942,0.574777107772909,0.775941589847207,2084.06331384369,0.125,151,2,"SNETWORK (2 17 2084.06331384369 0.574777107772909 151 151)",453993.368935875,4500372.5
17,152,-0.260337372650175,168,0,0,0,0,0,0.308091173999398,0.296470657093581,0.324708298269041,0.196959313154586,0.252432291378181,-0.0310861046628618,-0.0680280421774608,0.252432291378181,0.252432291378181,0.289258868596416,-0.177519315744649,-0.203743010796792,0.00435741559031525,-0.166261153612914,0,0,0,0,-0.260337372650175,0,0.114949504465589,-3.15209523222697,-3.05171783744457,-0.270453634630859,-2.60594806670301,-0.263514702392904,0.00512253337990465,0.19597166337021,-1.15764441354939,0.085421199462392,0.0399851093800356,481.0000000001,0.0656912183278474,0.103562871289796,3457.0000000001,0.572400542321991,0.638091760549838,0.0436954701541983,-0.869805439524254,1.79261921243765,0.0920054240010486,-0.50079409575135,-0.761480663787293,0.77347977135318,-1.12403986578649,0.74625595957123,-0.863833161330407,-1.10274081974747,-0.741238205421004,-0.648787993368505,0.156746784674077,-0.375570425731197,0,-3.57504200799203e-15,0.0692501308901911,0.0943300689951185,0.10978745121257,-0.0200184291727105,-0.431100158741562,0.196839063071065,-0.0206065555066645,-0.0206065555066645,2.7432060984208,0,0.331080720528898,0.627483712925253,0.3389439706155,0.262747772140674,0.128264323117463,1.26619348177425,-3.20813971571191e-11,3457.0000000001,0.00449842614622565,0.0391970439079726,0.585546267961721,0.0411981029064653,2101.99532373407,0.125,152,2,"SNETWORK (2 17 2101.99532373407 0.585546267961721 152 152)",453977.505652467,4500373.50565247
17,153,-0.251596860096127,170,0,0,0,0,0,0.306280439355322,0.296224875361758,0.318867093833693,0.196061654634819,0.251643834510571,-0.0314723659072007,-0.068870910296695,0.251643834510571,0.251643834510571,0.287916626086381,-0.178219463077422,-0.204625895086316,0.00359836204548008,-0.166977042837048,0,0,0,0,-0.251596860096127,0,-0.0505805438412491,-3.95259755095685,-3.79457168736481,-0.179506232158992,-3.13364643133805,-0.253328643988063,-0.0857649988309391,0.19475418820869,0.882232911952647,0.108031784527776,0.0399851093800356,742.0000000001,0.128159861633246,0.170934442432836,2892.0000000001,0.79035907212659,0.918518933659836,0.0692502972279301,-0.153639344080062,0.547586045507523,-0.920964806929905,0.100140998716423,1.42316309517382,0.864650073869934,2.27959308275622,0.814929044025894,1.74918641401135,2.06866207732018,0.36978575658123,0.517906173316959,0.0559301911902496,0.578233539005243,0,-3.57504200799203e-15,0.0692501308901942,0.0943300689951185,0.10978745121257,0.0232121551664309,0.151158257973807,0.260481349093906,0.0242105928615349,0.0242105928615349,-0.073647253890711,-0.000634565849017998,-0.363351789254974,-0.412417559042262,-0.116631166246422,-0.326361624397934,0.298169069965467,0,0.0193679589705801,2892.0000000001,0.00966241213630194,0.0595878849916282,0.592031865570194,0.645880617780757,2112.7946616974,0.125,153,2,"SNETWORK (2 17 2112.7946616974 0.592031865570194 153 153)",453968.233328392,4500371.76667161
17,154,-0.242704177259821,171,0,0,0,0,0,0.306280439355322,0.296224875361758,0.312608967441492,0.193202601738136,0.249682155974159,-0.0307763990270781,-0.0740041844852829,0.249682155974159,0.249682155974159,0.284561783382698,-0.178454658418199,-0.204661986197355,0.00404353225110793,-0.167318920600211,0,0,0,0,-0.242704177259821,0,-0.196407970065523,-3.60602545478132,-3.47469058669675,-0.0102165461018012,-2.91098408783628,-0.247300223376384,-0.943287847187244,0.192066120197432,0.436207548742706,0.0770048614500113,0.0399851093800356,99.0000000001,0.0121884902982393,0.104963193330304,4464.0000000001,0.749131044791781,0.76131953499002,0.0550527312911175,-0.165595546305426,-0.168504374979883,-0.35289399687709,-0.0855689675730284,0.39758840209129,-0.29496688190991,0.602689019275234,-0.124160076908077,0.860734995762002,0.991762901362904,0.373870149992841,0.301050262656446,-0.968711334111352,0.165638307117407,-6.83214319361007e-16,-1.78752100399602e-15,0.0692501308901972,0.0943300689951216,0.109787451212573,-0.226734057359265,-0.377776859739067,0.758634351959443,-0.219337659734169,-0.219337659734169,-0.0646549211856653,0,-0.554905037460471,-0.6284741386906,0.127271290883932,-0.57538992483125,-0.0737423343165997,-0.32369808860937,0.0678161066107408,4464.0000000001,0.000881377192831618,0.0541713539982859,0.59710733488925,1.91869224775734,2121.24595821745,0.125,154,2,"SNETWORK (2 17 2121.24595821745 0.59710733488925 154 154)",453961.5,4500370.5
17,155,-0.240271156457031,172,0,0,0,0,0,0.304464723322953,0.296299641280764,0.304052086827605,0.190343548841453,0.249559129040701,-0.0239875686204517,-0.0845938750592003,0.249559129040701,0.249559129040701,0.280340646047423,-0.177811438707037,-0.203644550468632,0.00160755501116506,-0.166203328142787,0,0,0,0,-0.240271156457031,0,-0.234669521406024,-3.27278295239579,-3.16461122321184,0.059534790613919,-2.68856989253222,-0.244935160255289,-0.360775584382094,0.191886218369441,-0.319087745056849,0.0924296965678848,0.0399851093800356,456.0000000001,0.0673865069329585,0.135628883587225,3711.0000000001,0.804710587968055,0.872097094801014,0.0605898770237481,-0.170360195113318,-0.180290496929895,-0.545607797079528,-0.964439761569701,-0.50213791386951,0.420190185903066,-0.755743820249363,0.469200716425259,-0.474090400085439,-0.626187382996798,-0.0599443467156824,0.0454153951249429,0.0557174454348192,-0.116277048752933,-6.83214319361007e-16,0,0.0692501308901942,0.0943300689951155,0.109787451212566,-0.337407654255944,-0.310127597814993,0.328536995144622,-0.315894732435728,-0.315894732435728,-0.261483818366952,0,-0.00945751621266792,-0.0212620869656718,0.307726827642502,-0.0711392901798737,0.297027820158893,0.458693595373294,-7.98903544363340e-11,3711.0000000001,0.00468174952094072,0.0559081274028074,0.599634532925403,0.111991739095098,2125.45406167071,0.125,155,2,"SNETWORK (2 17 2125.45406167071 0.599634532925403 155 155)",453958.524421512,4500367.52442151
17,156,-0.237307699445135,173,0,0,0,0,0,0.304464723322953,0.296299641280764,0.304052086827605,0.190187982727957,0.249820800625893,-0.0220753301707843,-0.0862625390045158,0.249820800625893,0.249820800625893,0.278895167393425,-0.17824271441307,-0.204051312881079,6.20595321423397e-05,-0.166489582875869,0,0,0,0,-0.237307699445135,0,-0.34510010219344,-2.94818590275114,-2.86026961529554,0.235957270837699,-2.46378797516837,-0.241237834243166,-0.558388540096654,0.188919930089313,-0.397663432113305,0.187744882926471,0.0399851093800356,1398.0000000001,0.419635145983909,0.190157573961136,1775.0000000001,0.53964549989551,0.959280645779419,0.064105957501507,0.598627417233589,-0.184987367293936,-0.656910738044884,-0.367425914176982,0.442949959193164,0.116820384907447,0.623523445023207,0.222808077776807,1.04198872822336,1.20963073235797,-0.57610574398964,-0.556753131848943,0.0556639952406068,-0.342666782538165,6.83214319361007e-16,-1.78752100399602e-15,0.0692501308901942,0.0943300689951185,0.10978745121257,-0.149354169438054,0,0.0633801761995175,-0.147858320812851,-0.147858320812851,1.25492498319743,0,0.790544882118701,0.781581404536894,0.731623626433409,0.631160625427717,1.1472516148735,1.11262592765046,-7.98903544363340e-11,1775.0000000001,0.0280430058788021,0.0360629515227049,0.602986841877329,0.251268805935979,2131.03607885939,0.125,156,2,"SNETWORK (2 17 2131.03607885939 0.602986841877329 156 156)",453953.78094717,4500365.5
17,157,-0.230541689090133,175,0,0,0,0,0,0.299134559738212,0.293255886465145,0.304052086827605,0.186843311287793,0.249098860052178,-0.0171332467745408,-0.0950286045072562,0.249098860052178,0.249098860052178,0.275028774656044,-0.17805226532418,-0.203447708927706,0,-0.166254181366894,0,0,0,0,-0.230541689090133,0,-0.419470484083452,-0.76193473725291,-0.754824832949064,0.568172568536118,-0.716721004912812,-0.233847303945363,0.43621071203774,0.185807210088727,-0.796768178494729,0.128866091863408,0.0399851093800356,569.0000000001,0.117232357567514,0.0952376812955832,2857.0000000001,0.43502641460326,0.552258772070774,0.0284693200293052,1.00902531505962,0.681565763045469,0.251016740127517,-0.686932217096342,-1.20881108434194,0.616307432805465,-1.33314852634588,0.619403040241392,-0.806691163608176,-1.02160926722448,0.658756069055165,0.967332702343281,0.0556309322945521,2.36371677143381,0,0,0.0455402703547475,0.0620333389900904,0.0721984225229413,0.257749139412003,0.60282767328205,-0.019067197950344,0.289019213332796,0.289019213332796,-0.215043847222069,-0.00031027557004859,-0.962751530153975,-1.07041700780735,-0.746652940827751,-0.779411044695615,0.383742892847331,0.215563900530213,0.434706419141545,2857.0000000001,0.0060434087427876,0.0224259111865176,0.609291421956052,0.943074311129749,2141.53399980626,0.125,157,2,"SNETWORK (2 17 2141.53399980626 0.609291421956052 157 157)",453944.939880473,4500361.5
17,158,-0.230085026221538,176,0,0,0,0,0,0.274432340296767,0.259533925791849,0.265046295302727,0.180961230401823,0.241157138629234,-0.0267812366811743,-0.0972921948364877,0.241157138629234,0.241157138629234,0.266329409652287,-0.173993945468211,-0.198335735566561,0.00766897357902966,-0.162590086730703,0,0,0,0,-0.230085026221538,0,-0.362234740976791,-0.217974089732212,-0.216977389007958,0.518993880985642,-0.211329164703915,-0.229631452256369,0.258487725260895,0.180995882130833,0.174049499029905,0.156704194626292,0.0399851093800356,2206.0000000001,0.552691396563656,0.133952476806467,2754.0000000001,0.589808814230174,1.14250021069383,0.0552435101244069,-0.242987600784647,0.977621058606233,0.152282678462014,0.44940127647057,0.396885798975683,0.359838307147184,0.410030314959198,0.414944534346944,0.632297805655159,0.719429063229404,0.790011726354707,1.07517155388355,0.055205359732551,2.62981566775779,6.83214319361007e-16,-1.78752100399602e-15,0.0456767461104114,0.0622192414177513,0.0724147878232526,0.314127148180268,0.670390518027883,-0.0501283195180629,0.35851081092316,0.35851081092316,-0.143933027736126,-0.000214703278105133,-1.29269595850696,-1.43539022115158,-1.05626731869288,-1.03750217025262,0.379500544003477,-0.00149614924012745,1.5868622031242,2754.0000000001,0.0267243825583837,0.0285191274660232,0.613375326122977,0.831629288468974,2148.33421529463,0.125,158,2,"SNETWORK (2 17 2148.33421529463 0.613375326122977 158 158)",453940.123884323,4500358.12388432
17,159,-0.216480631840704,178,0,0,0,0,0,0.267330513387806,0.252432691880625,0.259855982049983,0.168370886432533,0.21807315830109,-0.0599084585533123,-0.0957127199318219,0.21807315830109,0.21807315830109,0.249164205305771,-0.155760719843134,-0.176605035979926,0.0440293626550577,-0.146403670151194,0,0,0,0,-0.216480631840704,0,-0.341624442747398,-0.264099826339001,-0.262786998658573,0.478413562775074,-0.255390503787306,-0.216629578596066,-0.00483278496033693,0.171588690032288,0.689026797280781,0.0828536506838042,0.0399851093800356,1236.0000000001,0.163729408951306,0.0788436903114768,1224.0000000001,0.154292542479059,0.318021951330364,0.0154609778253654,0.370918890736817,0.264908245032412,-0.0361211266609313,0.163489361207826,0.28225103237695,0.145423487017741,0.293045624173979,0.236245486667423,0.305040609986009,0.324549971560971,0.274629187612346,-0.0254709501671237,-0.885499537387126,0.0708747332541545,0,-1.78752100399602e-15,0.0692501308901942,0.0943300689951155,0.10978745121257,0.557026827472184,1.19905330889102,-0.377015940291414,0.686740652232605,0.686740652232605,0.613537678843095,0,-0.653949031651304,-0.580431095966159,-0.725164346228165,-0.475043678018566,0.640935185744694,0.0446554632570548,-7.98903544363340e-11,1236.0000000001,0.00795988054737647,0.00750109717798897,0.621072330163228,1.58829215541482,2161.15069774602,0.125,159,2,"SNETWORK (2 17 2161.15069774602 0.621072330163228 159 159)",453931.394250345,4500352.5
17,160,-0.209334347801882,179,0,0,0,0,0,0.260208959181875,0.244645019425527,0.2550473354244,0.166115177786841,0.212608629764293,-0.068584865113847,-0.0945165726998642,0.212608629764293,0.212608629764293,0.246619955808899,-0.154925199975201,-0.175961415444256,0.0482930471594146,-0.146047040415185,0,0,0,0,-0.209334347801882,0,-0.330697881614554,-0.149806759668003,-0.149209698772614,0.470904497335846,-0.145794082041025,-0.210695978675959,-0.0359497384497153,0.166273218579675,0.717783207874851,0.111027142168614,0.0399851093800356,1725.0000000001,0.30620680285301,0.0974506600672379,2325.0000000001,0.362246598866158,0.668453401619168,0.0320639491079808,0.473291662669358,0.348591874221954,-0.905317424733403,-0.00262195432352219,1.25854459645675,0.0941306658326944,1.29012410115625,0.191006403794293,1.26434210148161,1.46801730142392,-0.0519953493652602,0.167910657842951,-1.00331839955914,0.238571690661723,-6.83214319361007e-16,-1.78752100399602e-15,0.0692501308901972,0.0943300689951185,0.10978745121257,0.151954883303436,0.0594809796667237,0.407601851883326,0.164881236325272,0.164881236325272,-0.0512914024400641,-0.00165193258171736,-0.203000450367856,-0.237722747287081,-0.132967451573898,-0.161875627560966,0.75075906179716,0.232649763014125,-7.98903544363340e-11,2325.0000000001,0.0146879337992086,0.0173760152087722,0.624354275579887,0.121128057129681,2166.61555077442,0.125,160,2,"SNETWORK (2 17 2166.61555077442 0.624354275579887 160 160)",453926.343610879,4500353.5
17,161,-0.20021340954219,180,0,0,0,0,0,0.256640758638108,0.242582307929245,0.253389203666573,0.165103998049117,0.211548369778656,-0.0681961574128869,-0.0967079679506263,0.211548369778656,0.211548369778656,0.245954105622371,-0.155411905513765,-0.176373099231486,0.0478711321086073,-0.146555559189502,0,0,0,0,-0.20021340954219,0,-0.178380747775234,-0.0360007568709657,-0.0358923909533643,0.246072456117793,-0.0352603050926006,-0.204212240686155,-0.927242678435457,0.164047456428719,0.789195157079631,0.0784908747556474,0.0399851093800356,1815.0000000001,0.227767824014274,0.099303616571027,2985.0000000001,0.473921023972344,0.701688847886618,0.0332112243134572,0.576348073775816,0.449508365229272,-0.847022546950274,-0.0345135612613287,1.13339794338754,-0.920653276820748,1.14673467400377,-0.722443199743953,1.13323124896853,1.30506077980586,0.190818106296647,0.412938535677724,0.0541013527221675,0.499607002500893,1.36642863872201e-15,0,0.0692501308901942,0.0943300689951185,0.109787451212573,0.175218621197337,-0.0226518340669953,0.434978557626988,0.191497244347811,0.191497244347811,0.0862842072084664,0,-0.556307048184009,-0.577006103364484,-0.474641378257524,-0.435867894242642,0.340862383491254,0.0508102836037091,-7.98903544363340e-11,2985.0000000001,0.0107803455797954,0.0224308786336618,0.627645397476924,0.167307808063924,2172.09568379997,0.125,161,2,"SNETWORK (2 17 2172.09568379997 0.627645397476924 161 161)",453921.277691415,4500352.5
17,162,-0.196260693673799,181,0,0,0,0,0,0.253067595367581,0.236998083420914,0.244772831709165,0.163184648567741,0.209167748436923,-0.0670050509995897,-0.101273633243853,0.209167748436923,0.209167748436923,0.24306531573431,-0.155400062604841,-0.176249067324661,0.0490787620387202,-0.146719406330679,0,0,0,0,-0.196260693673799,0,-0.0544301084595021,0.0773291127334117,0.0771710172056568,0.0949115618175475,0.076221535573457,-0.199938166667032,-0.867465832721024,0.163223255030714,0.612545595739178,0.08259614982012,0.0399851093800356,1246.0000000001,0.164541108961296,0.10383092197895,4945.0000000001,0.820898723897046,0.985439832758342,0.0460248768741755,0.680094240112826,0.551098770454643,-0.831717935821189,-0.947995149944806,-0.0778131057313954,-0.858021478717468,-0.0768977347246712,-0.660980597299538,0.00422080295234507,-0.0486180080329153,-1.15852566479403,-0.936290545597326,0.213708982872578,-0.442648436217568,0,-1.78752100399602e-15,0.0692501308901942,0.0943300689951185,0.10978745121257,-0.282070092326712,-0.394760646003898,0.750538584599298,-0.268428479477125,-0.268428479477125,1.62116826261558,0,0.493106017485184,0.580772861434281,0.687352302658893,0.343512604312202,0.972244419887197,1.06139928318333,17.2982705001497,4945.0000000001,0.00768487735998892,0.0383399994141866,0.63076342254679,1.57593688057606,2177.2875887778,0.125,162,2,"SNETWORK (2 17 2177.2875887778 0.63076342254679 162 162)",453916.5,4500353.5
17,163,-0.191701152411528,182,0,0,0,0,0,0.253067595367581,0.236998083420914,0.244772831709165,0.163117376734878,0.209237661714457,-0.0668278585632225,-0.101460708734361,0.209237661714457,0.209237661714457,0.242941546176558,-0.155560711857463,-0.176453270175808,0.0489638389653637,-0.146891102381103,0,0,0,0,-0.191701152411528,0,0.048197096415362,0.190193537566276,0.189986529296228,-0.012129592773747,0.188662300750544,-0.195437524021671,-0.851772148936555,0.162009963632636,0.517558432945617,0.089031745517996,0.0399851093800356,1146.0000000001,0.163127086656383,0.145737758376216,2266.0000000001,0.527993486726126,0.691120573282509,0.0318541258181956,-0.137360020119709,0.653369118952109,-0.255811373965835,-0.886730165628223,-0.793184062685139,-0.856373135358022,-0.780126239953496,-0.660070641623147,-0.517531725060218,-0.670402168470676,0.54750238220941,0.4407199352517,0.0540149907902259,0.435062715448568,0,-3.57504200799203e-15,0.0692501308901911,0.0943300689951185,0.10978745121257,-0.099516889493701,-0.414515081245931,0.790843829677229,-0.100006651092739,-0.100006651092739,-0.242193800161969,0,-0.90244333083039,-1.01919793806803,-0.589911941890975,-0.755684304805064,0.0274577834887289,-0.0260506950129817,0.668156594303477,2266.0000000001,0.00751861675782842,0.0243355089603671,0.635570348484422,2.02367808917828,2185.29172669985,0.125,163,2,"SNETWORK (2 17 2185.29172669985 0.635570348484422 163 163)",453909.668646923,4500352.66864692
17,164,-0.187520181119751,183,0,0,0,0,0,0.251155007067415,0.234841032166885,0.238395191790014,0.158765730046544,0.207387859102378,-0.0565902764904713,-0.119512050548076,0.207387859102378,0.207387859102378,0.236201151795776,-0.152235177048448,-0.172035683831749,0.0554050073070724,-0.143911538073265,0,0,0,0,-0.187520181119751,0,0.0750939028898398,0.775134847185971,0.778062471493443,0,0.79476044732339,-0.191116452425459,-0.26122493444492,0.158897243632051,-0.3849922614334,0.146714848977615,0.0399851093800356,738.0000000001,0.173111933581395,0.0986297496133157,2446.0000000001,0.385710052337809,0.558821985819205,0.0240510593768175,-0.128005402481244,-0.152456628894306,-0.121034596471591,-0.870645789153792,-0.96994395462777,-0.298427069376606,-0.889483044203782,-0.14642220718271,-0.654925806012598,-0.833774414711006,-0.478780591669409,-0.547974736264438,0.154492590294189,-0.242997981904734,1.36642863872201e-15,0,0.0692501308901972,0.0943300689951216,0.10978745121257,0.197922896402229,0.222502792846146,0.112925170066139,0.217839096922198,0.217839096922198,1.27665032686348,0,0.213185685218306,0.329222274777486,0.229962286352547,0.170141048049259,0.865197753897965,0.54065797449025,-5.53954351687272e-11,2446.0000000001,0.00745053967110308,0.0166005196057145,0.638613319126442,0.311391583424618,2190.35865658966,0.125,164,2,"SNETWORK (2 17 2190.35865658966 0.638613319126442 164 164)",453906.5,4500349.5
17,165,-0.177866646872158,185,0,0,0,0,0,0.251155007067415,0.234841032166885,0.230576355505171,0.157523303383353,0.205541639326414,-0.0551238264812408,-0.122301356743055,0.205541639326414,0.205541639326414,0.234432533363481,-0.152659778845402,-0.172481584768659,0.0550937597536581,-0.144366193081075,0,0,0,0,-0.177866646872158,0,-0.0485820237228265,0.790492431285765,0.793577449090641,0.143135689899695,0.811215181383648,-0.180784284464512,-0.417025446458246,0.157140062986559,-0.254455751444648,0.0692096927131338,0.0399851093800356,583.0000000001,0.0645107439647664,0.10693996040806,5244.0000000001,0.896601118312823,0.961111862177589,0.041290933881938,1.3610434403475,-0.23344260786138,-0.51134083303252,-0.123753346883149,0.556579571752003,-0.456758569659524,0.513521117837821,-0.28796212823204,0.417899018209809,0.4451452583552,0.11257626512581,0.18958393102923,0.0536731406293651,0.274484130432683,0,0,0.0692501308901972,0.0943300689951216,0.109787451212576,0.0590090995587751,-0.480145952860695,0.611012492489533,0.0622242723855197,0.0622242723855197,-0.88632616984471,0,-0.713979343840726,-0.721751764313284,-0.482341742818322,-0.592041795723358,0.119197698166124,0.0723554568353052,-7.98903544363340e-11,5244.0000000001,0.00277148681464156,0.0385194469672964,0.644978300959051,0.558242629327315,2200.95715407445,0.125,165,2,"SNETWORK (2 17 2200.95715407445 0.644978300959051 165 165)",453898.127050902,4500344.1270509
17,166,-0.171252806799414,187,0,0,0,0,0,0.225958462811194,0.216349019568873,0.211194202180523,0.147241224179179,0.196186075999739,-0.0330378975678332,-0.168782625879373,0.196186075999739,0.196186075999739,0.218718880994855,-0.147347640527779,-0.166052233803937,0.0617136547246464,-0.13907016191998,0,0,0,0,-0.171252806799414,0,-0.113760121262185,0.399670550682596,0.399938787624956,0.194969464204263,0.401161847950304,-0.173833541010355,-0.15003727860764,0.146682746264161,-0.600175014538687,0.113685477095855,0.0399851093800356,1049.0000000001,0.190667666439037,0.0957405553674237,5099.0000000001,0.780508305006065,0.971175971345101,0.0436762563168645,1.50852997087037,1.64845614694422,-0.512935446689476,-0.5339455690974,0.0248089768827419,-0.120366871097414,0.025440571782239,0,0.0509603079489493,0.0156492359702803,0.23125644552457,0.404256502468644,0.0530503467133058,0.580605042341377,0,-1.78752100399602e-15,0.0692501308901911,0.0943300689951185,0.109787451212566,0.167908484413322,-0.186050300174104,0.426269365992371,0.183093086811328,0.183093086811328,-0.430314988426096,0,-0.545406209125234,-0.520258225467246,-0.208488242866864,-0.487260855582991,0.00697560564067645,0.212453995531723,0.0526528996502433,5099.0000000001,0.00857481042968853,0.0351014457871759,0.652361906554627,0.473404183876933,2213.25178859053,0.125,166,2,"SNETWORK (2 17 2213.25178859053 0.652361906554627 166 166)",453889.67607215,4500337.67607215
17,167,-0.165475903279084,188,0,0,0,0,0,0.222338791187353,0.211852072655684,0.204089726197544,0.1452125579694,0.193692326239953,-0.0298910728146253,-0.173838581513852,0.193692326239953,0.193692326239953,0.215623373606922,-0.147171342507582,-0.165759879095477,0.0621647171145343,-0.138928675737614,0,0,0,0,-0.165475903279084,0,-0.236650058228032,0.367210498290131,0.367357290853493,0.367513279078447,0.367905785665828,-0.168339391057067,-0.524885595710017,0.144170396317451,0.179808954534314,0.0623050337484556,0.0399851093800356,540.0000000001,0.0537914771063039,0.119473520640173,5432.0000000001,1.03759530316916,1.09138678017547,0.0492694767756727,0.95244928507289,1.47002012287554,-0.123484057244329,-0.151441299333749,-0.00937366750005571,-0.493612944509546,-0.00752572358622032,-0.328856353794774,-0.00476304659302163,-0.0571928126680244,0.44598447261756,0.747189826609928,0.0529462043356053,1.74656585846296,0,-1.78752100399602e-15,0.0346250654450971,0.0471650344975593,0.0548937256062848,0.493263224445226,1.11196645767007,-0.868222722805186,0.595826490610921,0.595826490610921,0.11124060101593,0,-1.54387393877085,-1.65631363106834,-1.32322762266395,-1.22666165732549,0.425080595512238,0.155876154722483,3.70776877073959,5432.0000000001,0.00242835809457836,0.0468411185810943,0.656055429928238,1.69122327767661,2219.40197082431,0.125,167,2,"SNETWORK (2 17 2219.40197082431 0.656055429928238 167 167)",453887.448556931,4500332.44855693
17,168,-0.160764191734556,189,0,0,0,0,0,0.196858442662862,0.186952498906691,0.179828522114512,0.144855176357314,0.185261875214035,-0.0430625717636517,-0.163140970772471,0.185261875214035,0.185261875214035,0.2104151350484,-0.141855515352538,-0.159684893335623,0.0728593549587763,-0.134225021645038,0,0,0,0,-0.160764191734556,0,-0.386766158322647,0.245351700226058,0.24519879139285,0.611106488217362,0.244133178682964,-0.163178396273836,-0.125533602782918,0.143869165349653,0.112962536519271,0.117903186528931,0.0399851093800356,589.0000000001,0.111029251532701,0.680386841203538,4310.0000000001,4.68845498264451,4.79948423407722,0.219784595362081,-0.4758090023067,0.921849838255298,0.706277183722171,-0.535621427841763,-1.6614803118991,-0.0671474655277226,-1.62459134143621,0.0434213793602267,-1.54267207740803,-1.88091971058996,-0.888653789794252,-0.796212212643723,0.0528144174070318,-0.386647740988577,-6.83214319361007e-16,0,0.0692501308901972,0.0943300689951216,0.10978745121257,0.0985075681120346,0.0590467964825157,0.0629643627506923,0.105141098235896,0.105141098235896,-4.41832383204028,0,0.237747054917928,0.344033207702402,0.904530405627328,0.0368125812453821,0.850652458914984,0.974694921105693,5.78697411986129,4310.0000000001,0.00508440446905399,0.214700190793027,0.659760788421704,1.8936318741437,2225.57186002526,0.125,168,2,"SNETWORK (2 17 2225.57186002526 0.659760788421704 168 168)",453883.5,4500328.5
17,169,-0.156887561007293,190,0,0,0,0,0,0.196858442662862,0.186952498906691,0.179828522114512,0.141722831639625,0.185186812413724,-0.0430061081424267,-0.163277000017862,0.185186812413724,0.185186812413724,0.210211672121549,-0.142071268733496,-0.159915272769493,0.0720433593694887,-0.134360622966133,0,0,0,0,-0.156887561007293,0,-0.492845532169945,0.0362254909405847,0.0361387662049329,0.802030210418134,0.0356243675047773,-0.157772647439309,0.725321765086569,0.140668586316792,0.151540029228471,0.0871909732910342,0.0399851093800356,1470.0000000001,0.204920513108514,0.215313238893566,3027.0000000001,1.04202881682075,1.24694932982926,0.0585202909229817,-0.189845075151933,-0.486091080932158,1.42790208502595,-0.126327606947373,-2.15727067257713,0.653905492527315,-2.16271422502005,0.622207995305181,-1.97016049270143,-2.35572980584291,1.04483172250705,0.866066821050225,0.0527684141836501,2.08559427594797,0,-1.78752100399602e-15,0.0351162103224457,0.0478340546072878,0.0556723745931838,0.481994416505421,1.13620961041599,-0.822615675575653,0.58012309738401,0.58012309738401,-0.0253455233686767,0,-1.67278754667877,-1.83263053575651,-1.52165731663618,-1.30936567365242,0.502629675886783,0.13198064103242,1.4486091913694,3027.0000000001,0.00961707723878125,0.0489032135842005,0.662674963817997,2.15770641828234,2230.42432958764,0.125,169,2,"SNETWORK (2 17 2230.42432958764 0.662674963817997 169 169)",453879.48299943,4500326.48299943
17,170,-0.153771781691317,191,0,0,0,0,0,0.167428910609099,0.163999271662513,0.150371933524968,0.126283945997536,0.146780831217673,-0.105030759296048,-0.120148236363982,0.146780831217673,0.146780831217673,0.186295839277943,-0.112979525489159,-0.126066829460261,0.133263762155412,-0.109004189852326,0,0,0,0,-0.153771781691317,0,-0.27590225870782,0.0634526217997526,0.063315412965502,0.400892914897047,0.0624950978087019,-0.15311519353816,1.46529175952428,0.125514995131145,0.19679007600148,0.0657520242645414,0.0399851093800356,1452.0000000001,0.152641392135642,0.122560830515345,2838.0000000001,0.556109943660313,0.708751335695955,0.0331561182490807,-6.29870949110025e-05,-0.204195069538155,1.15674000268391,0.745709720301868,-0.605773782488221,1.10775568031932,-0.604823951809599,0.956874372589704,-0.509618139765821,-0.598225483384345,1.08738108981848,0.817638494076084,0.0518197909298411,2.05853828104632,0,-1.78752100399602e-15,0.0347492623039668,0.0473342110480663,0.0550906242461692,0.54005840258983,1.20268902373295,-0.840027892838337,0.662201495200904,0.662201495200904,0.0465395756547351,0,-1.41136090482907,-1.52101642241526,-1.10564740979608,-1.14483493583437,0.4957330410131,0.105341979906621,1.85569259791443,2838.0000000001,0.00714072168134727,0.0260153964677334,0.666761371818535,1.91017385262397,2237.22871427475,0.125,170,2,"SNETWORK (2 17 2237.22871427475 0.666761371818535 170 170)",453873.5,4500324.5
17,171,-0.147234026759701,193,0,0,0,0,0,0.130170032269472,0.122793390360919,0.106891687692636,0.108454808044029,0.0980686136092338,-0.18164450099493,-0.0721183699772164,0.0980686136092338,0.0980686136092338,0.158296032475098,-0.0855261806547296,-0.0945078741227439,0.183108518025025,-0.0839256428520996,0,0,0,0,-0.147234026759701,0,-0.257760394480732,-0.00399614977914555,-0.00398521302527657,0.365991179454161,-0.00392098423065558,-0.147195618508626,-0.0298540877361681,0.107602211955732,0.216297950994513,0.122605395866924,0.0399851093800356,1696.0000000001,0.332454339542987,0.103980528677997,4146.0000000001,0.689251775017742,1.02170611446073,0.0481763943567936,0.064661530802299,0.0302741853916457,-0.541787122002574,1.21912348474211,2.38170646540181,0.0700399787311458,2.40028076106966,0.136543757068759,2.19638437428449,2.52641047875732,0.843257651633917,0.936613088659903,-0.769689911053167,2.39504069986385,0,-1.78752100399602e-15,0.0400708537493707,0.0545830939275053,0.0635273442014231,0.481229276438356,0.923909805495647,-0.407681567036398,0.579060753446493,0.579060753446493,-0.178493990628557,0,-1.28765407422408,-1.36975267764534,-1.1274641311019,-1.01578110707457,0.312462079067202,0.0228861338871006,1.80113692752496,4146.0000000001,0.0156761823231415,0.0325002119336522,0.67317117100098,0.628890064544976,2247.90183829926,0.125,171,2,"SNETWORK (2 17 2247.90183829926 0.67317117100098 171 171)",453863.6553031,4500322.5
17,172,-0.13925250988179,194,0,0,0,0,0,0.115117338890232,0.107095720908341,0.106891687692636,0.0992175444940107,0.0745817506443423,-0.211354944715373,-0.0623375815213399,0.0745817506443423,0.0745817506443423,0.14360308898061,-0.0733349528227928,-0.0807052049934065,0.209040348295668,-0.0733405993499066,0,0,0,0,-0.13925250988179,0,-0.30266102415416,-0.0411336814165116,-0.041008060307701,0.434422397016267,-0.0402760746049923,-0.142297261819488,-0.55447073610966,0.0983749216851781,0.396592530902586,0.0639314302517032,0.0399851093800356,436.0000000001,0.0445653667168387,0.105861999667561,5465.0000000001,0.924968267399651,0.96953363401649,0.0459160965073114,-0.0742167329278073,0.0466911097284164,-0.14931151908439,-0.0282661599322441,0.188455501268894,-0.451052432712419,0.191154596595627,-0.317581300004003,0.181852912377384,0.169776673910678,0.0729677629645654,0.191485629241172,0.0501836492335122,0.257875882313181,-6.83214319361007e-16,-3.57504200799203e-15,0.0692501308901942,0.0943300689951216,0.10978745121257,0.167086879932244,-0.57926983618052,0.586168551787685,0.182150857989511,0.182150857989511,-0.400176611633912,0,-0.684210613744528,-0.670321891685697,-0.229923128892016,-0.621314678227519,-0.1525745675331,0.0103196771965327,0.0103333276900694,5465.0000000001,0.00211056903899241,0.043805527368319,0.676853810565465,0.260517430769682,2254.0338976182,0.125,172,2,"SNETWORK (2 17 2254.0338976182 0.676853810565465 172 172)",453858.688008711,4500321.31199129
17,173,-0.1327164586635,196,0,0,0,0,0,0.107558667161145,0.102445035526032,0.0835710283848044,0.0972162074663326,0.0638792951695396,-0.219051221907889,-0.0598912153230902,0.0638792951695396,0.0638792951695396,0.135557340779009,-0.0681167096518198,-0.0746273704622152,0.219975585440234,-0.0687852933050225,0,0,0,0,-0.1327164586635,0,-0.402923828549597,-0.122137740544863,-0.121679985649434,0.603227696614729,-0.119050245333054,-0.134587275324015,0.276515197224602,0.0969294314160889,-0.853311352898286,0.151428386076622,0.0399851093800356,327.0000000001,0.0791683550221901,0.12692884296504,4904.0000000001,0.995193101709538,1.07436145663173,0.0513670343750964,-0.262385711628096,-0.232102445486574,0.179209452367305,-0.153470970219445,-0.437650461932086,0.35422968827472,-0.446901893145541,0.360980249856889,-0.363410053464919,-0.468994826231324,0.216666331518565,0.533466707131124,0.0500096011771012,1.00095593986269,0,-1.78752100399602e-15,0.0558865747985712,0.0761267074716385,0.0886011986586008,0.37797782924095,0.0414125799505671,0.421982398499689,0.44014729664969,0.44014729664969,-0.0623296939173641,0,-0.886231095083157,-0.884542054855158,-0.482734581414298,-0.76453442434812,-0.202749086105114,-0.252513216196708,0.135534162865611,4904.0000000001,0.00378517264936062,0.0475818616257358,0.683328551765605,0.051954310387373,2264.81515829248,0.125,173,2,"SNETWORK (2 17 2264.81515829248 0.683328551765605 173 173)",453849.641478044,4500317.5
17,174,-0.12990270811142,197,0,0,0,0,0,0.103771209514654,0.101406506770536,0.0748507034537783,0.0921897402045905,0.0596780147015973,-0.217706892533023,-0.0649367123875459,0.0596780147015973,0.0596780147015973,0.13245741735126,-0.0667232658343566,-0.0732309792075292,0.221773281857638,-0.0674060778970594,0,0,0,0,-0.12990270811142,0,-0.535996157291102,-0.112949525722949,-0.112535113401283,0.881084453144977,-0.11015089563747,-0.131271595087983,0.184854958114819,0.0926682683507709,-0.900130689705512,0.219423484902246,0.0399851093800356,1280.0000000001,0.449044780188161,0.155657947261144,6711.0000000001,1.67014859307791,2.11919337316607,0.101212903182242,-0.293205355186942,-0.275703795446599,0.118786299143957,0.285730157770287,0.232852680545122,0.277559482585487,0.237884888896328,0.296957678694126,0.262534166782025,0.261695188839196,0.449865655907343,0.660262130199677,0.150436288912934,1.3009009009009,0,-3.57504200799203e-15,0.0590035199493807,0.0803724994629257,0.09354272670017,0.356298791401011,-0.144126530416809,0.600584947650568,0.412073040276318,0.412073040276318,-0.0112437383961569,0,-0.824536888055743,-0.846388031649108,-0.353244220999277,-0.733038871220935,-0.330002839757071,-0.785987216769551,0.0259230936792066,6711.0000000001,0.0214464269208682,0.0797664761613738,0.686864308240052,1.20287671483881,2270.70263874203,0.125,174,2,"SNETWORK (2 17 2270.70263874203 0.686864308240052 174 174)",453844.265389859,4500316.26538986
17,175,-0.125191452632361,198,0,0,0,0,0,0.101586798057882,0.0981150772351694,0.0715644062424626,0.0889880214092608,0.0526721485471368,-0.212715549116417,-0.0757450299565425,0.0526721485471368,0.0526721485471368,0.126897286416748,-0.0645446263746045,-0.0707950565350813,0.223229536626868,-0.0650493877636502,0,0,0,0,-0.125191452632361,0,-0.350341846061891,-0.103835721655628,-0.103462865561445,0.509412635958146,-0.101314555874277,-0.124844029396819,0.122895732104452,0.0900011191567206,0.184625279832877,0.127743492130858,0.0399851093800356,1995.0000000001,0.407453693237199,0.163705685038844,3209.0000000001,0.839904780142038,1.24735847327924,0.0595102285292972,-0.0454359468437503,-0.306085021072731,-0.546272403652202,0.191788046165036,1.03711189700304,0.223713384496306,1.05756077446068,0.251844902051362,1.06101539490199,1.18454673621716,-1.11605265524584,-1.10474257408846,0.0495423579900633,-0.411011654741558,-6.83214319361007e-16,-1.78752100399602e-15,0.0692501308901942,0.0943300689951185,0.109787451212566,0.629924674738872,1.28258720108823,-1.0853126087833,0.795094365331589,0.795094365331589,0.585157150032953,0,0.069920693091387,0.338921674713523,0.0650875446403035,0.0652018974156842,0.960836461030444,0.605598437255386,-7.98903544363340e-11,3209.0000000001,0.0194392092364223,0.0400710191928749,0.690957827092871,1.77968417946249,2277.51886389499,0.125,175,2,"SNETWORK (2 17 2277.51886389499 0.690957827092871 175 175)",453840.594626691,4500311.5
17,176,-0.116068810659343,199,0,0,0,0,0,0.101586798057882,0.0981150772351694,0.0715644062424626,0.0886390487762833,0.0524638068096138,-0.213071924322775,-0.0754954892071976,0.0524638068096138,0.0524638068096138,0.126745420477346,-0.0646374998449583,-0.0709506350958223,0.223172096084263,-0.0651504891674926,0,0,0,0,-0.116068810659343,0,-0.264642507427779,0.168206006184743,0.16799167511816,0.392797804974058,0.16664556532378,-0.120059390793937,-0.559070042246866,0.0879008699090136,-0.823225239967572,0.172286789238596,0.0399851093800356,1232.0000000001,0.339358912764541,0.128344488021677,3862.0000000001,0.792475903392125,1.13183481605667,0.0523015981620802,-0.542931644216103,-0.0618402009224012,-0.346545450195208,0.128286351413079,0.67580058952511,-0.495067711667417,0.668294748821179,-0.363615680086279,0.804361215608248,0.883966064225174,0.931401136882955,0.952258858056699,0.0495256932876632,2.43822986974112,-6.83214319361007e-16,0,0.0372887539671782,0.0507934164058637,0.0591166717567778,0.426327521128695,0.970689776103757,-0.8461264916122,0.504110459026437,0.504110459026437,0.109783582578482,0,-1.17353487228219,-1.23116725371389,-0.728885330512462,-0.994761506329298,0.213545868091668,-0.593069299920347,4.24172843484098,3862.0000000001,0.0156816288019585,0.0366199692601217,0.693965724920236,0.713691066019237,2282.52739312512,0.125,176,2,"SNETWORK (2 17 2282.52739312512 0.693965724920236 176 176)",453836.000311023,4500310.5
17,177,-0.113181286766753,200,0,0,0,0,0,0.0649354581547254,0.0609018851750996,0.0711021829959829,0.0875437792474805,0.0290301031618847,-0.248453806612226,-0.0414861677944839,0.0290301031618847,0.0290301031618847,0.107990851373212,-0.0503833753082532,-0.0548276108285182,0.244254607089499,-0.0514248481872909,0,0,0,0,-0.113181286766753,0,-0.246317063923319,0.491860225920891,0.492568217665494,0.394147041886576,0.496274951082499,-0.11488890871944,-0.354265645431272,0.0870599334572425,-0.561739967388874,0.140235376321403,0.0399851093800356,2792.0000000001,0.625993137944355,0.116608535393984,3616.0000000001,0.674148133926577,1.30014127177093,0.0578426613502807,-0.170389866485304,-0.552258884741371,0.178999836676608,-0.570656892760005,-0.997173179761081,-0.336559588289928,-0.946138518681171,-0.222473441581408,-0.825544135870551,-0.995377502798072,0.240098452852412,0.536406976875539,0.0488333195704057,1.06787173025115,0,-1.78752100399602e-15,0.0351765160122823,0.047916200876328,0.0557679817479353,0.465099415546466,1.13491933180131,-0.755913636237658,0.556780321227201,0.556780321227201,0.641198782050732,0,-1.162540761922,-1.22225768351959,-0.744586059087912,-0.980069918456844,0.41505782069124,0.132501652481672,0.309687235733884,3616.0000000001,0.0278501342940953,0.0299925269561854,0.696565370738632,1.92920040473766,2286.85613127272,0.125,177,2,"SNETWORK (2 17 2286.85613127272 0.696565370738632 177 177)",453832.5,4500308.5
17,178,-0.108771908029766,201,0,0,0,0,0,0.0649354581547254,0.0609018851750996,0.0711021829959829,0.0750038891528374,0.0235162619312208,-0.257303784702765,-0.0368658813884414,0.0235162619312208,0.0235162619312208,0.104661777936608,-0.0478730982468602,-0.0520030768689292,0.24846517872292,-0.0490795872605155,0,0,0,0,-0.108771908029766,0,-0.278489984353503,0.264807395832933,0.26468572750577,0.424114550015314,0.263781161930092,-0.11095635774182,0.184640013590041,0.0760670950143137,-0.576467350297852,0.141432055099734,0.0399851093800356,2352.0000000001,0.531840913546744,0.172164292526368,1417.0000000001,0.39004032258827,0.921881236035014,0.0421198653130404,-0.369872821315255,-0.185016616582469,0.583582046078002,-0.360753910946345,-1.28182790662427,0.199244627880964,-1.25018504329444,0.223579977221254,-1.79136815491801,-2.10639069733883,0.510962525330847,0.886335197075928,0.0487191495834814,2.10742832865019,0,-1.78752100399602e-15,0.0361067048037032,0.0491832710138904,0.0572426801383058,0.459660208012659,1.07588121886577,-0.868146357204107,0.549316239783901,0.549316239783901,0.322842436877389,0,-1.12134016951539,-1.13335126624321,-0.626372732355313,-0.966467248521531,0.0409083237615702,-0.0814429096765256,5.12473011988349,2352.0000000001,0.0242992987772844,0.017820566435756,0.700538664378159,1.38433492835611,2293.47216628308,0.125,178,2,"SNETWORK (2 17 2293.47216628308 0.700538664378159 178 178)",453826.298178552,4500307.5
17,179,-0.106415124389927,202,0,0,0,0,0,0.0610787909452431,0.0575509398449274,0.0711021829959829,0.0709843971392653,0.0139937679577481,-0.272719544808683,-0.0263465014305585,0.0139937679577481,0.0139937679577481,0.0981370855177838,-0.0434640233725798,-0.0473789334705217,0.252908325003017,-0.0445320708793199,0,0,0,0,-0.106415124389927,0,-0.354933975708339,-1.33466275111459,-1.31532842235691,0.397669819414451,-1.21655892535355,-0.109587850351163,0.599507481022845,0.0740672560892062,-1.97166065389593,0.0644709809972417,0.0399851093800356,1225.0000000001,0.126269058276841,0.112792999800891,1972.0000000001,0.355619553274853,0.481888611451693,0.0265800702031069,1.02472784869709,-0.381661871342938,0.28849646774155,0.191567750617788,-0.128163786714812,0.865284354690194,-0.154396620298394,0.744220506220394,-1.28496423475686,-1.51693845796509,0.634518407706954,0.851049291250473,0.0484654900579694,2.12040207409982,0,0,0.0370294414378401,0.0504401900874545,0.0587055640621395,0.467069201313157,1.00648475290309,-0.761193992305317,0.559489506971697,0.559489506971697,0.237068368755509,0,-1.03166644904942,-1.03993002688597,-0.731074401493075,-0.852106446491711,0.0519901167197462,-0.175472856915751,5.37134997545337,1972.0000000001,0.00696476392911525,0.0196153061739917,0.703504025316027,0.673759407363832,2298.40986622756,0.125,179,2,"SNETWORK (2 17 2298.40986622756 0.703504025316027 179 179)",453821.360478608,4500307.5
17,180,-0.105427721268581,203,0,0,0,0,0,0.0610787909452431,0.0575509398449274,0.0413580050981356,0.0657098649938404,0,-0.293065010489202,-0.0150780452502806,0,0,0.0891863185276913,-0.03865072424387,-0.0421918700400411,0.261969833166766,-0.0401799233741301,0,0,0,0,-0.105427721268581,0,-0.413816761951394,-2.88493902784313,-2.80070865881141,0.350127108440654,-2.41902948835594,-0.105672518225473,0.296920259648186,0.0662519859802087,-0.353304915717251,0.140561384413247,0.0399851093800356,476.0000000001,0.106971861495685,0.208596512423211,3005.0000000001,1.00218545133876,1.10915731273445,0.0735632940834928,0.640779577942903,0.993100219370405,-0.0450338245865161,0.616763302205654,0.875988322379946,0.975121051469464,1.23270966508788,0.822323796294138,-0.1306393617469,-0.184243942349381,0.971178611822772,0.741895830767532,0.0481567862145845,1.6312389559978,0,-1.78752100399602e-15,0.0349214525946336,0.0475687625469565,0.0553636104902717,0.46623870590377,1.10769115321169,-0.704308379741762,0.558346871828159,0.558346871828159,-0.0744127543834591,0,-1.13138620259484,-1.16791500449451,-0.896988927727021,-0.913172797280331,0.413481682729227,-0.32814190673482,2.07490579710738,3005.0000000001,0.00709475779330298,0.0664685361901899,0.706866101096455,1.28315051179379,2304.00814641746,0.125,180,2,"SNETWORK (2 17 2304.00814641746 0.706866101096455 180 180)",453816.17641198,4500306.5
17,181,-0.0920498785978069,205,0,0,0,0,0,0.026115981945663,0.0234875554217763,0.0293069786407108,0.0520873188390563,-0.035067454771798,-0.343349157317863,0.00815445899608908,-0.035067454771798,-0.035067454771798,0.067157910168212,-0.023843823508012,-0.0261117514099966,0.290413164592102,-0.0268799361199277,0,0,0,0,-0.0920498785978069,0,-0.479061453097763,-4.86411846366864,-4.62279840851309,0.277221064678931,-3.67959474505202,-0.094784841348898,0.197131197297673,0.0514707497408682,0.27947102087318,0.0752578229712082,0.0399851093800356,192.0000000001,0.0231019934109522,0.0822396368335785,2305.0000000001,0.303074004801106,0.326175998112058,0.0274604435127433,-0.134601399340813,1.23577095427148,0.291941342976002,-0.0438803584722395,-0.438281631863666,1.34743093716224,-0.80586935313305,1.08879612518156,0.0256768611266086,0.00929420238964095,0.527102371164296,0.67062916625801,0.0473589861923287,1.33855913791605,0,-1.78752100399602e-15,0.0579577333723143,0.0789479661270223,0.0918847624287323,0.0910676206260384,0.044056228120213,0.248062775558901,0.0969782038883217,0.0969782038883217,0.668988479813255,0,-0.904962528264659,-0.863487094204989,-0.497364303817842,-0.779876553471865,-0.451036015354947,-1.12475479650536,2.83665988257206,2305.0000000001,0.00194493458716581,0.0255155088255775,0.714076776683524,1.45386253483593,2316.01483065993,0.125,181,2,"SNETWORK (2 17 2316.01483065993 0.714076776683524 181 181)",453805.826581987,4500308.5
17,182,-0.0895410766975337,206,0,0,0,0,0,0.0292791526733517,0.0257997155755766,0.0322366470056918,0.0478870337746646,-0.039831832946755,-0.340851788514627,0,-0.039831832946755,-0.039831832946755,0.0602612295429897,-0.0203406914165909,-0.022561809792242,0.295127095825807,-0.0234381536465627,0,0,0,0,-0.0895410766975337,0,-0.500454277836633,-2.89559746345852,-2.81075184849337,0.504190987959499,-2.42659449374686,-0.0899462929133623,0.30045271023778,0.0472911700626623,0.787639487932785,0.187555476207161,0.0399851093800356,1334.0000000001,0.400020412314979,0.105156385910517,2301.0000000001,0.386855561293361,0.78687597350834,0.0522549861636337,-0.569676611639232,-0.149737250257088,-0.559962570855825,0.204369901095909,1.07879267085406,0.980526815649778,1.52203530896458,0.814827998890517,2.90651492915273,3.27456061597263,0.423886446621975,0.383654074094394,0.147724727057686,0.844015719899964,0,0,0.0692501308901942,0.0943300689951185,0.10978745121257,0.518022043049227,-0.283666395179439,0.415672611916521,0.630709210697262,0.630709210697262,-0.700104610546686,0,-0.70234991632823,-0.590321767774721,-0.273405891190426,-0.629308284336596,-0.595756133063142,-0.303758211678651,-7.98903544363340e-11,2301.0000000001,0.0265646198026882,0.0256903662609455,0.717524440791488,1.32951448662248,2321.75562620933,0.125,182,2,"SNETWORK (2 17 2321.75562620933 0.717524440791488 182 182)",453800.5,4500307.5
17,183,-0.0807244790023568,207,0,0,0,0,0,0.0308642013628115,0.0284356440871955,0.0318713926750648,0.0458541630753318,-0.0503208682740822,-0.334789939470731,-0.0125882999210526,-0.0503208682740822,-0.0503208682740822,0.0548537848776255,-0.0185927018204537,-0.0211991533864884,0.297012560908991,-0.0216533065694521,0,0,0,0,-0.0807244790023568,0,-0.527457238762008,-1.12907743566368,-1.11482990193223,0.746902945713898,-1.04081946530705,-0.0840926170160511,-0.573108239835687,0.0453038824278798,0.185772966503256,0.417030575085869,0.0399851093800356,3870.0000000001,2.58033109771661,0.0881484842230768,1694.0000000001,0.23873980178517,2.81907089940178,0.15176074782236,-0.431292937296094,-0.578623397624013,0.426928906471871,0.310263592778488,-0.167953486462032,-0.266062635182877,-0.195898148073477,-0.186086678032164,1.19548475675716,1.31939293915564,0.39190405608583,0.389410856396409,0.0468773865152669,0.872334714135357,0,-1.78752100399602e-15,0.0692501308901911,0.0943300689951185,0.10978745121257,0.653179924627449,-0.411214688053336,0.719096969456811,0.830684227597584,0.830684227597584,0.0128071474280107,0,-0.76421779961784,-0.679349290297522,-0.546843859245359,-0.627275478605169,-0.835526606423968,0.00248611243604881,0.0905432109470639,3870.0000000001,0.138908523670881,0.0128522240514784,0.72069547626456,0.27683251529976,2327.03580019402,0.125,183,2,"SNETWORK (2 17 2327.03580019402 0.72069547626456 183 183)",453796.180566732,4500305.18056673
17,184,-0.0766956779928369,208,0,0,0,0,0,0.0379571077519965,0.0324211429106322,0.0217797439500814,0.0416791049482638,-0.0611148328417239,-0.326732776968424,-0.0241069249080096,-0.0611148328417239,-0.0611148328417239,0.0498878836751664,-0.0165615418383253,-0.019402266849487,0.301773159328552,-0.0199546910132216,0,0,0,0,-0.0766956779928369,0,-0.601193242850257,0.422698527170928,0.423063484832846,1.10385603949302,0.424828029775967,-0.0793291135180138,0.438871917264492,0.0418271750078707,-0.955027037824031,0.162175315806925,0.0399851093800356,2899.0000000001,0.751674023441739,0.111821523460852,2803.0000000001,0.501123854873406,1.25279787821515,0.056189715506874,-0.308541858077403,-0.442208269228238,0.450529396650102,-0.585044569875336,-1.39881319652601,0.365723029068006,-1.33895301279463,0.336751267603316,-0.654976488714789,-0.791756654835402,0.0460536745761258,0.0168841356772328,0.147382679770548,0.26847039966011,-6.83214319361007e-16,-3.57504200799203e-15,0.0692501308901911,0.0943300689951185,0.109787451212566,0.617050982100964,0.573517354697169,0.353932544150575,0.775607997789942,0.775607997789942,-1.68491987799565,0,-0.254125765079777,-0.120823087498448,0.130541592862508,-0.274795283736668,0.50734605485976,1.7459736152376,0.50148152677554,2899.0000000001,0.0337136182844255,0.0224760971224484,0.723666990737067,1.02510997405978,2331.98374654974,0.125,184,2,"SNETWORK (2 17 2331.98374654974 0.723666990737067 184 184)",453791.803160654,4500303.80316065
17,185,-0.0731994729712176,209,0,0,0,0,0,0.0356332615381927,0.0273693257301175,0.0217797439500814,0.0410589427390568,-0.0654412117442366,-0.329135541627588,-0.0274042305723487,-0.0654412117442366,-0.0654412117442366,0.0477869119361295,-0.0168689953177588,-0.0199804004232412,0.300673599992021,-0.0201555536746316,0,0,0,0,-0.0731994729712176,0,-0.486957146142508,1.01469633498701,1.02050707440611,0.900719789895763,1.05469050984227,-0.0725794936537564,0.463072377301778,0.0408460824808044,-0.632632535478658,0.111899676635571,0.0399851093800356,1951.0000000001,0.349046007867543,0.19153042734346,3708.0000000001,1.1354658513442,1.48451185911175,0.0621275788648765,1.49088205366086,-0.321203357978258,0.668384596419577,0.452128732135579,-0.30739019494238,0.260471958435438,-0.271776054265686,0.251738478275735,-0.413113400421003,-0.51810420836083,-0.709763464153339,-0.506101396100692,0.0465714370170025,-0.297264467039387,0,-1.78752100399602e-15,0.0692501308901942,0.0943300689951185,0.10978745121257,0.462232123271178,-0.583501433251217,0.735110918010115,0.552842531861444,0.552842531861444,-1.19834244205301,0,-0.199081807248271,-0.006811821908188,0.237133995179359,-0.24460176793409,0.155211049108539,1.7459736152376,2.70051041536991,3708.0000000001,0.0146077535241651,0.0475198252407114,0.727773956832347,0.0376417282038319,2338.82236305732,0.125,185,2,"SNETWORK (2 17 2338.82236305732 0.727773956832347 185 185)",453786.088848891,4500303.91115111
17,186,-0.0567056989626441,211,0,0,0,0,0,0.0317099699714861,0.0208773244806129,0.0217797439500814,0.0388789149053359,-0.0700870970628994,-0.329507085207047,-0.028066433537053,-0.0700870970628994,-0.0700870970628994,0.0451557641962841,-0.0165193924922043,-0.0196116415825791,0.301852265752031,-0.0199151177544804,0,0,0,0,-0.0567056989626441,0,-0.303427685344704,-0.110460396632065,-0.110057475848587,0.429047805116071,-0.107738442781026,-0.0550836814740932,1.2424697579254,0.0394466136095733,-0.266126868297946,0.166438298967949,0.0399851093800356,2256.0000000001,0.600328467828034,0.0955814386564072,1749.0000000001,0.267275989985043,0.867604457713077,0.0414247675651445,0.730249000093167,1.66909567540457,1.32060589857513,0.705886517044719,-0.852754580969422,1.01777393168283,-0.869766222688031,0.837926408617973,-0.67678771841652,-0.81708637948945,0.25060369777831,0.370408755896446,-1.00457851342544,0.793858810579068,1.36642863872201e-15,0,0.0415897275419992,0.0566520498675394,0.0659353292877004,0.47577001090618,0.65989374131369,-0.744237467835087,0.571495282692283,0.571495282692283,-0.676409383768326,0,-0.764873164648626,-0.775248837465921,-0.848676120997592,-0.55726373919039,-0.0801473124973761,0.0893486286680047,-7.98903544363340e-11,2256.0000000001,0.0286633695344969,0.0127613979306477,0.735557298880394,0.365704044699669,2351.7826091804,0.125,186,2,"SNETWORK (2 17 2351.7826091804 0.735557298880394 186 186)",453775.615152653,4500302.5
17,187,-0.0478110083693659,212,0,0,0,0,0,0.0293718526329002,0.0159877025803643,0.0107012256883305,0.0384479547260565,-0.0759275646099221,-0.333890321065579,-0.0240131992874682,-0.0759275646099221,-0.0759275646099221,0.0416326605718174,-0.0152215946842816,-0.0181273407616537,0.306805491065317,-0.0191102091328499,0,0,0,0,-0.0478110083693659,0,-0.272103139750889,0.0736816609346222,0.0735287390204784,0.395790807825935,0.0726114562115326,-0.0489829268115179,1.3552678976152,0.0380576041469463,-0.711539457944651,0.127580507008672,0.0399851093800356,1826.0000000001,0.372461742980829,0.399159475654262,2898.0000000001,1.84944490874951,2.22190665163034,0.103818376184252,0.897720329154871,0.702810413634112,0.519060203914976,1.27573206075757,0.961922259748748,1.04275409390576,0.961157897138487,0.855741356219737,0.999640024829086,1.08989438943425,-0.338598296441157,-0.238220432185716,0.0464275843172403,0.00648880391645665,0,-3.57504200799203e-15,0.0692501308901942,0.0943300689951185,0.10978745121257,0.505055127688912,-0.989494504658162,0.607551904790271,0.612374561232984,0.612374561232984,-0.824877274893822,0,-0.376217197118361,-0.270143514048254,0.329701665240399,-0.443752004625109,-1.43476331673839,1.60157451290664,-4.556955915517e-11,2898.0000000001,0.0174032393632581,0.086415136720994,0.738694985723878,0.485610236413777,2357.00725349098,0.125,187,2,"SNETWORK (2 17 2357.00725349098 0.738694985723878 187 187)",453770.804721904,4500301.5
17,188,-0.0445430587711326,213,0,0,0,0,0,0.0293718526329002,0.0159877025803643,0.00157482764304472,0.0362952560744363,-0.0777194327799896,-0.331246031758074,-0.0258021163766971,-0.0777194327799896,-0.0777194327799896,0.0407967564832635,-0.0152430940136558,-0.0182018244619049,0.306149451736099,-0.0190377828621929,0,0,0,0,-0.0445430587711326,0,-0.409207243262288,0.0754279949763121,0.0752725678767101,0.635882267933403,0.0743397127961683,-0.0426106407456177,0.533345369515573,0.0359636305444018,-0.0887176470757866,0.263481732929808,0.0399851093800356,6861.0000000001,2.89024397751091,0.213692141350825,1136.0000000001,0.388117706992954,3.27836168440386,0.153149746211931,0.768704166798208,0.867899416834844,0.378377647373354,1.39133829886603,1.30167536807997,0.509120644272577,1.30011447203783,0.446525808046746,1.20064593020605,1.31768412096551,0.19901241142503,0.382271094460531,0.0463728331600109,0.810161930419165,-6.83214319361007e-16,-3.57504200799203e-15,0.049414846812151,0.0673111494412112,0.0783410805701996,0.482056522609274,0.146519997675568,-0.473672692808741,0.580209349113972,0.580209349113972,-0.821059744613556,0,-0.651652921354593,-0.614393859219662,-0.622021050584692,-0.496891884100398,-0.444826122786958,0.480431847119467,-7.98903544363340e-11,6861.0000000001,0.135018699572195,0.018131046539736,0.742085744749926,0.387989061884582,2362.65329490228,0.125,188,2,"SNETWORK (2 17 2362.65329490228 0.742085744749926 188 188)",453765.987107618,4500299.5
17,189,-0.0351940171098781,214,0,0,0,0,0,0.0364948874810738,0.0199625758031884,0,0.0344368716915923,-0.0830269740296088,-0.330839231594192,-0.0230070698639515,-0.0830269740296088,-0.0830269740296088,0.0377110584654845,-0.0142020703205862,-0.0171758414670326,0.309201649714695,-0.0182564060589476,0,0,0,0,-0.0351940171098781,0,-0.376916564879307,0.00400123171473767,0.00399055400249809,0.567927504236775,0.00392773109983359,-0.0367496427225051,0.389086391764798,0.0342943089311844,-0.141173787413193,0.385311829411915,0.0399851093800356,4805.0000000001,2.96007223225352,0.0952334865730746,3436.0000000001,0.523165881887913,3.48323811404143,0.16409059762321,0.706923425494445,0.740718544983055,0.787944861190721,0.548954091542229,-0.343311108967078,0.416074120134217,-0.345021819902814,0.372140391835986,-0.36494738367812,-0.460329542542322,1.14703556667579,0.683869280654945,0.0464129161731078,1.03195929048019,-1.36642863872201e-15,-3.57504200799203e-15,0.0692501308901911,0.0943300689951185,0.10978745121257,-0.386869278433412,-0.24920300238531,0.42008004202625,-0.356988716944689,-0.356988716944689,0.0518430564299142,-0.00202055064561368,-0.630931185373946,-0.663739544900844,0.150814081449698,-0.657075050822196,-0.188228190612333,-0.570132635925919,1.62233155453292,4805.0000000001,0.139444966263395,0.0246456312598155,0.745656439951795,0.551240039354028,2368.59895273937,0.125,189,2,"SNETWORK (2 17 2368.59895273937 0.745656439951795 189 189)",453761.054435687,4500297.05443569
17,190,-0.0186241579601759,216,0,0,0,0,0,0.0199957358845762,0.00960022602273345,0.00280236588485439,0.0108097426431944,-0.0942501428449401,-0.297132109635556,-0.0394481162298727,-0.0942501428449401,-0.0942501428449401,0.0158334455283908,-0.0017489189959936,-0.00256193160870038,0.306316576519778,-0.00315799491371109,0,0,0,0,-0.0186241579601759,0,-0.412490000221359,-0.327232171241007,-0.32542658119075,0.599972685870259,-0.315329116431507,-0.0210223336557487,-0.722580289013715,0.0104573167223979,0.931333809249612,0.122601857938226,0.0399851093800356,1154.0000000001,0.226203559628586,0.0988781412733872,2299.0000000001,0.363442607311391,0.589646166839977,0.0288798827668235,-0.0620942971138598,0.186281385944565,-0.341232368615694,0.831538341435549,1.59022321685829,-0.598965793506609,1.66394877590872,-0.50615560394284,1.48362669267267,1.65344241341609,0.797418436908919,0.530141044688012,-0.777361742793111,0.663823952569933,0,-3.57504200799203e-15,0.0692501308901942,0.0943300689951185,0.10978745121257,-0.109288109796057,-0.295023032435935,0.93052425247198,-0.109503312270582,-0.109503312270582,-0.374450942939617,-0.000236776141631201,-0.474476355685118,-0.512545514140393,0.219384962968807,-0.516372374735051,-0.112699475489415,-0.305428759385648,1.22465361413655,2299.0000000001,0.0110790718680008,0.0178008107988227,0.752944110462792,0.691208880394697,2380.73384324057,0.125,190,2,"SNETWORK (2 17 2380.73384324057 0.752944110462792 190 190)",453752.806054216,4500290.5
17,191,-0.0125429138753317,217,0,0,0,0,0,0,0,-0.00310370965689845,0.00255212515924504,-0.100614654971364,-0.277751253693194,-0.0796540573307045,-0.100614654971364,-0.100614654971364,0.00254734593950747,0,5.06547330179459e-05,0.297979707249784,0.000126838297221582,0,0,0,0,-0.0125429138753317,0,-0.487327325096604,-0.336590739909919,-0.334706177133905,0.748678939597694,-0.324178202568499,-0.0168640362560225,-0.348817495097578,0.0102083827976199,-0.435848124537757,0.0705949307488037,0.0399851093800356,400.0000000001,0.0451471232775576,0.107661889771601,4216.0000000001,0.725703428880682,0.770850552058239,0.0377965498960111,-0.169208344685312,-0.0782615815639065,-0.484922234139166,-0.738237710784881,-0.285559082467942,-0.171333726985822,-0.29955764564887,-0.12592500034743,-0.00568848611704035,-0.0499655207389129,-0.726638773234964,-0.797270518313302,0.0441871161641594,-0.392657609377867,-6.83214319361007e-16,-3.57504200799203e-15,0.0692501308901911,0.0943300689951155,0.10978745121257,0.387864816039864,0.985554765912859,-1.08693882054148,0.45307441372042,0.45307441372042,-0.732048686709696,0,0.496532167929736,0.808596177736749,-0.0915551704533931,0.529311963501288,-0.07644836978059,1.19887382605201,2.40715716606341,4216.0000000001,0.00221366578124945,0.0355828840147617,0.755825342407542,0.70679087220003,2385.53145780139,0.125,191,2,"SNETWORK (2 17 2385.53145780139 0.755825342407542 191 191)",453749.031094003,4500288.031094
17,192,-0.00623341436710153,219,0,0,0,0,0,0,0,-0.01439411444464,0.00155145664540596,-0.104172218077267,-0.283520015339936,-0.0720868130999245,-0.104172218077267,-0.104172218077267,0.00154912235393253,0.000146869168729081,0,0.30003294626384,0,0,0,0,0,-0.00623341436710153,0,-0.492433576223807,1.43017815641375,1.44312063814209,0.961514504674151,1.52238866039749,-0.00680282706308748,-0.142385280193589,0.00185549908637066,0.617854951942498,0.203395448982004,0.0399851093800356,2117.0000000001,0.688428218605826,0.11119161179213,2656.0000000001,0.472168130574958,1.16059634908078,0.0462726710745852,2.33018227967276,1.5028822813659,-0.488013545438752,-0.506180950516523,0.0267571625037804,-0.312320407561896,0.0268694541192888,-0.253361013284913,0.285971882143432,0.271033556015353,-0.0967399639811138,-0.0107330189311593,0.14482186121559,0.0234137674652144,0,0,0.0692501308901911,0.0943300689951185,0.10978745121257,0.19478208845966,-0.0136366200544022,0.334520507289864,0.214173351552681,0.214173351552681,-0.375444268120929,0,0.295903853160385,0.325591715655437,0.346197405927907,0.225804664827169,-0.150377034809835,0.411561908531514,0.445530574121118,2656.0000000001,0.0274474518832622,0.0188252190913229,0.762806806341322,1.14109671727164,2397.15647573361,0.125,192,2,"SNETWORK (2 17 2397.15647573361 0.762806806341322 192 192)",453739.346498898,4500285.3464989
17,193,0,220,0,0,0,0,0,0,0,-0.01439411444464,0,-0.105475033660178,-0.282980918666318,-0.0735047279034573,-0.105475033660178,-0.105475033660178,0,-0.00103770919820258,-0.00121900626408294,0.297920278259384,-0.00108740329178101,0,0,0,0,0,0,-0.412609811269521,2.07310483374916,2.10222717061071,0.861671660269804,2.29045405124175,0,-0.499330131788862,0,0.760286766731601,0.303797919384932,0.0399851093800356,3879.0000000001,1.88408785142164,0.153159461791615,3095.0000000001,0.757881069412583,2.64196892073422,0.0977378302861235,0.891030909355882,2.27998420089268,-0.574561159408832,-0.143598805183642,0.599602830004061,-0.770895927200286,0.479454654516596,-0.674816794311026,0.343763250107768,0.336001716328217,-0.622614069698831,-0.468069216348912,0.0440378212973492,-0.364180257427846,0,-1.78752100399602e-15,0.0692501308901942,0.0943300689951185,0.10978745121257,0.290908381080009,-0.744734441652333,1.03212765418489,0.329602244209924,0.329602244209924,-0.5475525290268,0,0.386801699563397,0.459080824576772,0.637908350876464,0.248579356795894,-0.87778309915519,0.671213369267399,2.88644878266629,3879.0000000001,0.0697005392569142,0.0280372909292094,0.768124111967819,1.44835221885983,2406.01046020527,0.125,193,2,"SNETWORK (2 17 2406.01046020527 0.768124111967819 193 193)",453732.5,4500286.5
17,194,0.00782749086050439,221,0,0,0,0,0,0,0,-0.01439411444464,-0.000241758149351878,-0.105806718456352,-0.282113597999276,-0.0746264531708133,-0.105806718456352,-0.105806718456352,-0.000427307458974427,-0.00135026647476782,-0.00156756362756757,0.29756285558491,-0.0014046488983357,0,0,0,0,0.00782749086050439,0,-0.434022890390524,0.455706726032196,0.456225580506885,0.725570360922379,0.458857771212195,0.00396356800352508,-0.588077952592065,-0.000491592204393579,-0.598134091147804,0.0808034106831673,0.0399851093800356,1114.0000000001,0.143916788030902,0.0956151482925876,4745.0000000001,0.725369839498119,0.869286627429021,0.0388382468129135,2.01526438642661,0.861305155878095,0.670198578358298,-0.509429763199369,-1.52155947110829,-0.580468617152077,-1.45088067574058,-0.495884403250905,-1.78302678553984,-1.85925295671919,1.91762183089345,1.27690407873977,0.0511002439990953,3.25360601759316,0.0868987281051878,0.086898612837028,0.0406428115332769,0.0553621945086122,0.0644341119791733,-0.0129893102937965,0.516822587654436,-0.859701318709758,-0.0133995112074369,-0.0133995112074369,0.0679625734437064,-0.000192684982902591,-1.20486427268152,-1.28891674388968,-0.556950608880896,-1.06640668788912,-0.0808189268777392,-0.431990262296393,1.99308437024317,4745.0000000001,0.00642995709362823,0.0324082896192852,0.771157722459475,0.79639387037605,2411.06180426425,0.125,194,2,"SNETWORK (2 17 2411.06180426425 0.771157722459475 194 194)",453728.277083066,4500284.5
17,195,0.0175571102492252,223,0,0,0,0,0,-0.199873605248641,-0.199518526612375,-0.180828821252878,-0.139889674194104,-0.241690689260139,-0.506419053231988,0.33455593790167,-0.241690689260139,-0.241690689260139,-0.243762609973948,0.191953081752774,0.220901292376265,0.497472721740719,0.197280415232542,0,0,0,0,0.0175571102492252,0,-0.499490799931261,-0.427760931373095,-0.42502661612811,0.764447253338187,-0.409900977676824,0.0184549241706208,0.0414716259559914,-0.139543153950989,0.870564593502768,0.163075745660741,0.0399851093800356,655.0000000001,0.170776161412408,0.102575691554041,4659.0000000001,0.764071038261312,0.93484719957372,0.0463319696962791,1.89059283180062,1.00234297380585,-0.0210886128226547,0.707792920818988,0.944146302740562,0.220263113000984,0.999252234482629,0.104012889264773,0.775668884837243,0.804015923608414,-0.498999551109276,-0.560577621548155,0.0348891665208307,-0.221167791585798,6.83214319361007e-16,-1.78752100399602e-15,0.0692501308901911,0.0943300689951185,0.10978745121257,0.693989981279804,-0.658554148352522,1.86470508264619,0.894370716736404,0.894370716736404,-2.73945932794432,0,-0.339758870398104,-0.162052794251273,-0.207735952618714,-0.281392417685107,-0.804472494952884,0.0656463281393078,-7.98903544363340e-11,4659.0000000001,0.00846383870877517,0.0378681308875039,0.778267643071533,0.450341830701307,2422.90071876639,0.125,195,2,"SNETWORK (2 17 2422.90071876639 0.778267643071533 195 195)",453718.799424323,4500278.79942432
17,196,0.0322285523410099,225,0,0,0,0,0,-0.198336924911112,-0.198092030275699,-0.183848106410307,-0.140776821489987,-0.244878168718065,-0.503763310236616,0.327432231516454,-0.244878168718065,-0.244878168718065,-0.245518891424413,0.192056645436739,0.220772684224536,0.497573202796322,0.197386791117271,0,0,0,0,0.0322285523410099,0,-0.623401162734557,-0.495284227218262,-0.491826146758214,1.04909543611849,-0.472827325873541,0.0316743136470818,0.206921307036053,-0.14038409040276,-0.452896953716907,0.149198321021779,0.0399851093800356,1707.0000000001,0.407187119360991,0.109462035705614,5094.0000000001,0.891495253967699,1.29868237322869,0.0648775689293378,1.22896406641826,0.870131623239503,-0.166812218670256,-0.0187151453530383,0.219172710916481,0.375964689961605,0.233145085435056,0.228555270864801,0.532112677172337,0.512869514375457,0.0974732319897734,0.0196512281454417,0.0348384012054677,0.145071116132209,6.83214319361007e-16,-1.78752100399602e-15,0.0692501308901972,0.0943300689951216,0.10978745121257,0.495045863017955,-0.581834001320793,1.40883734183382,0.598320528000194,0.598320528000194,-1.0039557315893,0,-0.29650576913551,-0.25848944167627,-0.0897539789418931,-0.26567900118541,-0.793627263430787,-0.656850314951393,0.612691232550088,5094.0000000001,0.0203416254065512,0.0445359434227866,0.785089392065088,1.8441148958221,2434.25979118034,0.125,196,2,"SNETWORK (2 17 2434.25979118034 0.785089392065088 196 196)",453709.888667534,4500272.88866753
17,197,0.0359530127860152,226,0,0,0,0,0,-0.198336924911112,-0.198092030275699,-0.183848106410307,-0.142197938959221,-0.248994431962372,-0.498968010263534,0.318085856059999,-0.248994431962372,-0.248994431962372,-0.248297543807943,0.192046231866606,0.220766071076878,0.497310462663408,0.197413420078248,0,0,0,0,0.0359530127860152,0,-0.563340019611772,0.412291196092454,0.412611356784675,1.00756881303599,0.414124698668615,0.0360270303194695,-0.169963249419853,-0.140547257176985,0.142016584618417,0.111839249095944,0.0399851093800356,1847.0000000001,0.330261319916932,0.0794240485593815,4820.0000000001,0.612062304808235,0.942323624625167,0.0423160778155249,3.08212288415875,1.19443112054605,-0.310580755095014,0.214403734638161,0.690981908734157,-0.141472119899834,0.664671270450908,-0.197330713417643,0.948001345174706,0.949586782440383,0.437869343080614,0.504610117169353,0.0347416427768175,0.715556714270541,0,0,0.0692501308901942,0.0943300689951185,0.109787451212566,0.357037156959643,-0.430289262751991,1.37627615357232,0.413023139341333,0.413023139341333,-0.434593727218772,0,-0.402254242321135,-0.37741185534595,0.130893332030436,-0.423292043732861,-0.399439452623307,-0.959938495659463,0.381263850581224,4820.0000000001,0.014830747433343,0.0274853302821819,0.789626417975284,0.918193181336392,2441.81451151769,0.125,197,2,"SNETWORK (2 17 2441.81451151769 0.789626417975284 197 197)",453707.5,4500267.15179281
17,198,0.0494070926197413,228,0,0,0,0,0,-0.195256258307346,-0.19422477572725,-0.184449220835527,-0.146623164214748,-0.259088168619613,-0.487499488639637,0.290716161179657,-0.259088168619613,-0.259088168619613,-0.256919072957423,0.192367172365934,0.221065833366115,0.495139544470575,0.198107411919705,0,0,0,0,0.0494070926197413,0,-0.467077745790249,0.637873221602888,0.639562715579891,0.814397577376408,0.648944300757396,0.0492524877210277,-0.269589636633747,-0.145230980349909,0.277740720261774,0.126801318532911,0.0399851093800356,664.0000000001,0.134613440257701,0.101933360483572,5461.0000000001,0.889989930049195,1.0246033702069,0.0448115656790753,2.5325543499933,2.85891982908625,-0.456485759136487,-0.322956825420904,0.210391507896351,-0.280313814239842,0.198820422132089,-0.320218461494559,0.242757646189892,0.212030821912213,-0.571556552740836,-0.614389364005051,0.0344341991979692,-0.361016965518573,-6.83214319361007e-16,-1.78752100399602e-15,0.0692501308901972,0.0943300689951185,0.10978745121257,-0.403163266141484,0.518914541417556,-1.46375568323559,-0.370257526718098,-0.370257526718098,0.0995370072847442,0,-0.366486378800091,-0.34591916917996,0.397475023799907,-0.449870601486027,0.539244183863477,1.10928573898562,-7.98903544363340e-11,5461.0000000001,0.00588738938153445,0.0389241761975408,0.797698692953601,1.30459918459225,2455.25586740906,0.125,198,2,"SNETWORK (2 17 2455.25586740906 0.797698692953601 198 198)",453704.406160685,4500256.40616069
17,199,0.0579193497504036,229,0,0,0,0,0,-0.195256258307346,-0.19422477572725,-0.191872427335561,-0.146913273993971,-0.259243748647932,-0.488105432574881,0.292662733421437,-0.259243748647932,-0.259243748647932,-0.257503883368183,0.192431359921355,0.221084469554936,0.494430403042608,0.198287738112555,0,0,0,0,0.0579193497504036,0,-0.352440624993058,0.676361570123227,0.67836754659363,0.592279662367549,0.689605205668441,0.0560664304295358,-0.467000848510846,-0.146546773952307,0.637231284911416,0.421477037417613,0.0399851093800356,816.0000000001,0.549870792699894,0.129854279905005,4182.0000000001,0.868234164393105,1.418104956993,0.0617428727001054,2.5841220262935,2.47947747267877,-0.770294361806045,-0.273969901369228,0.677068925655074,-0.48797959701027,0.632204991541391,-0.505629094983002,0.665086620260161,0.651783620238972,0.790854722958221,0.496462171458103,-0.790306321667384,0.745613780983556,0,-1.78752100399602e-15,0.0658057662983323,0.0896382778689809,0.104326840456659,0.342980667695565,-0.494525352564674,0.917917237690873,0.395008920306738,0.395008920306738,-0.527884761864755,0,-0.289858581775446,-0.372693061779991,-0.00352575409672337,-0.279207797553292,0.111256678378086,-1.15631039369142,1.40254124530669,4182.0000000001,0.0239408247809798,0.0378020478191255,0.800780976511125,0.447058371442836,2460.38825826122,0.125,199,2,"SNETWORK (2 17 2460.38825826122 0.800780976511125 199 199)",453701.5,4500252.477541
17,200,0.0645331898231484,230,0,0,0,0,0,-0.201048189160112,-0.199179735352622,-0.181068108956316,-0.155086801686841,-0.279792631545161,-0.46441112445398,0.252402363078527,-0.279792631545161,-0.279792631545161,-0.272569413924623,0.192316354527025,0.222603765151955,0.493350563021975,0.19831043499099,0,0,0,0,0.0645331898231484,0,-0.189756125282556,0.966639155472225,0.971798547085371,0.351072259981411,1.00198601115602,0.0608826807965953,-0.788787069513419,-0.148138695941854,0.297062945076785,0.0747664342559777,0.0399851093800356,624.0000000001,0.0745912410705363,0.0885036458088408,6014.0000000001,0.850983538717927,0.925574779688464,0.0389538609830898,1.60499853763935,2.53031158455617,-0.715918985356029,-0.476295645643953,0.362356812731947,-0.90722297227859,0.328867983442007,-0.903646158481887,0.266297244460252,0.238337154657933,-1.04622743088584,-1.14647082652483,-1.53443499189591,-0.456572327954965,-6.83214319361007e-16,-1.78752100399602e-15,0.0692501308901942,0.0943300689951185,0.10978745121257,-0.243277445447259,-0.17490775653998,0.928199872645075,-0.234187613231644,-0.234187613231644,5.30029723121267,0,0.578731185857872,0.716340836882111,1.04372328178437,0.345865983550173,0.0322450292943177,1.13218505559576,-7.98903544363340e-11,6014.0000000001,0.00313925669534256,0.0358146041877472,0.804417233432352,1.40436807704136,2466.4430846295,0.125,200,2,"SNETWORK (2 17 2466.4430846295 0.804417233432352 200 200)",453697.61692387,4500248.61692387
17,201,0.0678011394213818,231,0,0,0,0,0,-0.199503885768922,-0.198343660926341,-0.181068108956316,-0.155198220660021,-0.279759363678049,-0.464283730078794,0.252027946800667,-0.279759363678049,-0.279759363678049,-0.272805941265106,0.192142658837626,0.222368309226009,0.493114834757249,0.198140619674611,0,0,0,0,0.0678011394213818,0,-0.0845806853073332,0.15618678033766,0.155971886355326,0.137885555207903,0.154633299615635,0.0650998664261494,-0.733029366395677,-0.154690469491474,0.395236943334319,0.0816789164974087,0.0399851093800356,243.0000000001,0.0317331231432611,0.121400376191366,3998.0000000001,0.775995846258531,0.807728969301792,0.0373774682692593,1.29340639127585,1.56511639766671,-0.609493640270347,-0.806092702470843,-0.19172907830444,-0.69855197562403,-0.188614880488655,-0.705868377058584,-0.270953605373412,-0.323466016168074,0.0561133263901664,-0.0522559603097687,-1.14595368047639,0.00522194219943416,-6.83214319361007e-16,-3.57504200799203e-15,0.0435365025349355,0.0593038776264375,0.0690216983936015,0.22923709217764,0.726383211003437,-0.864216694348619,0.254772767749046,0.254772767749046,0.0331939058405395,0,-0.165030110878116,-0.18907203012218,0.289173829554713,-0.222668417702974,1.01055340750793,0.335878616302571,-7.98903544363340e-11,3998.0000000001,0.00146844280901897,0.0359090253602403,0.807667101867948,2.01809251074319,2471.85452543898,0.125,201,2,"SNETWORK (2 17 2471.85452543898 0.807667101867948 201 201)",453694.497564159,4500244.49756416
17,202,0.0709931559003095,232,0,0,0,0,0,-0.199503885768922,-0.198343660926341,-0.18490696779575,-0.156560475275499,-0.281806779469939,-0.467614209408334,0.254658629238326,-0.281806779469939,-0.281806779469939,-0.275554913482569,0.192082614375212,0.222344963481192,0.491821383229568,0.198257239865031,0,0,0,0,0.0709931559003095,0,0,0.0676191917725086,0.0674753682497811,0.031407397395919,0.0666143694112256,0.0690006683337804,-0.623898484314417,-0.154914300835602,0.139786734869901,0.154568051852794,0.0399851093800356,973.0000000001,0.240452417570255,0.860390986789815,2700.0000000001,3.71412221999094,3.95457463746119,0.184908636033613,0.422140766655695,1.257956735553,-0.690681360223784,-0.748946916904369,-0.0115414067806757,-0.551192982165498,-0.0107976343350066,-0.568826380206614,0.0166449198879419,-0.0269976416623166,0.144999842267091,-0.0212484418799786,0.0337587835047817,0.231766171316011,-6.83214319361007e-16,0,0.0346250654450971,0.0471650344975593,0.0548937256062879,0.688645053701697,1.32787927745481,-1.05832970886757,0.88593934461546,0.88593934461546,0.183187445816475,0,-0.335998890583432,-0.475015897469093,-0.55798652933987,-0.195620700355663,0.813239547846611,0.3260973414646,0.0257812144665798,2700.0000000001,0.0112431127487919,0.173665523184821,0.811780403502657,1.26656466483837,2478.70369141873,0.125,202,2,"SNETWORK (2 17 2478.70369141873 0.811780403502657 202 202)",453691.5,4500238.89002991
17,203,0.0792788613209123,234,0,0,0,0,0,-0.208419190035738,-0.212463592381102,-0.19161185629083,-0.158406246189681,-0.288014911859123,-0.476473884208396,0.260374368561295,-0.288014911859123,-0.288014911859123,-0.278273875166573,0.191671322531626,0.222487803861548,0.493892170447762,0.197469785619871,0,0,0,0,0.0792788613209123,0,-0.145667701859549,-0.82047001537173,-0.812387229969326,0.137699597589014,-0.769291653590817,0.0753402957789673,-0.206352077398163,-0.157962172502842,-0.515619139376453,0.111107140152609,0.0399851093800356,328.0000000001,0.0582656221105795,0.10870093347628,4760.0000000001,0.827250047153869,0.885515669164448,0.045965120219999,-1.04044954408549,0.185298193761208,-0.0454019523907112,-0.722423442343414,-0.886361472544519,0.0695618403830833,-0.984891830722615,-0.0317240142314478,-0.981570915798319,-1.06183767473466,0.274535286557426,0.142967431535906,0.0337777859152741,0.386334887942605,0,-1.78752100399602e-15,0.0373368738102874,0.0508589635472446,0.0591929597703795,0.738725172628701,1.28010730763998,-1.13961115869008,0.96602429110132,0.96602429110132,-0.375829124827114,0,-0.376719338531567,-0.447287590879874,-0.667071557311339,-0.210879413634668,0.835765078122413,0.34799047389235,-7.98903544363340e-11,4760.0000000001,0.00302443695594033,0.0429406831640586,0.818303831395714,0.471648321836255,2489.56602157694,0.125,203,2,"SNETWORK (2 17 2489.56602157694 0.818303831395714 203 203)",453686.5,4500231.27034044
17,204,0.0823185554957596,235,0,0,0,0,0,-0.217362954970606,-0.226069470052122,-0.206017822377062,-0.160632523408496,-0.29742944783772,-0.488543010262891,0.269903337970424,-0.29742944783772,-0.29742944783772,-0.282731385052854,0.191857410144016,0.223047977246797,0.497409216583845,0.197174783045456,0,0,0,0,0.0823185554957596,0,-0.338589954979353,-0.666499703024979,-0.660843215841679,0.434147862408432,-0.630267343979366,0.0797372411398628,-0.0454665006224657,-0.160194210298961,-0.23369262188397,0.0743064881371094,0.0399851093800356,423.0000000001,0.0502531949877357,0.100411091644328,4153.0000000001,0.666714950587912,0.716968145475648,0.0365467811258362,-0.470880959280122,-1.04269945522073,0.226026830808409,-0.209158049414122,-0.586958824087382,0.191311602116892,-0.640639196792446,0.0666858274964493,-1.27045442536264,-1.35721137872765,0.383458377106882,0.514354679879381,0.0333260570068091,1.02768749456852,6.83214319361007e-16,0,0.063755500661417,0.0868454788301506,0.101076399833766,0.395636426512081,-0.436915869808962,0.751521349829417,0.463290448752002,0.463290448752002,-0.582046286989201,-0.00190234827118241,-0.271718109876392,-0.2654410298041,0.0657877808507219,-0.277260721960939,0.467820881030528,0.382978129042269,0.685238786590408,4153.0000000001,0.00256160963531857,0.0339851713905176,0.821914932735709,0.100088451006971,2495.57896072991,0.125,204,2,"SNETWORK (2 17 2495.57896072991 0.821914932735709 204 204)",453682.207136459,4500228.20713646
17,205,0.0873364633399521,236,0,0,0,0,0,-0.215825515196711,-0.224153107186499,-0.212835383250113,-0.163592484054473,-0.305393062332103,-0.481777013748158,0.257443028155683,-0.305393062332103,-0.305393062332103,-0.285594215647141,0.191474764810933,0.222905867562112,0.495764158961397,0.196964008643536,0,0,0,0,0.0873364633399521,0,-0.366926504806776,-2.59367656778231,-2.52533926288817,0.300759748217548,-2.20876291959042,0.0858799624716961,0.232862524375436,-0.162965953579053,0.32795868389415,0.0823179033140018,0.0399851093800356,914.0000000001,0.120292089932656,0.148660935214142,2681.0000000001,0.63722124815108,0.757513337983736,0.0485234322110164,0.452543831816255,-0.481233140677273,0.181888424116519,-0.0442672422776127,-0.293600583070393,0.854716968678984,-0.409523597323072,0.585116370908254,-0.298046203514973,-0.333770709046933,0.937046597351892,0.40813551290738,-0.738508949044074,0.93039405965451,0,-3.57504200799203e-15,0.0346250654450971,0.0471650344975593,0.0548937256062848,0.626264958944503,1.23178399975728,-0.41341207502929,0.789539265475507,0.789539265475507,0.313646124439777,0,-0.69738832777441,-0.778982802766298,-0.530496615470641,-0.564144125832618,0.794533092312424,-0.55951785773913,1.61445131040036,2681.0000000001,0.00770545515514482,0.0408179769558716,0.825131100870678,1.30903711471445,2500.93428628866,0.125,205,2,"SNETWORK (2 17 2500.93428628866 0.825131100870678 205 205)",453678.834563003,4500224.834563
17,206,0.0954682947649711,237,0,0,0,0,0,-0.238322207485627,-0.25489297252695,-0.219917902165034,-0.175442837862269,-0.347552116068726,-0.539582962121391,0.268840602809415,-0.347552116068726,-0.347552116068726,-0.309442162751533,0.199593639592922,0.233586339054666,0.514023785584793,0.20387004764364,0,0,0,0,0.0954682947649711,0,-0.205586147866319,-0.800702300094301,-0.79295500935712,0.218971885269599,-0.751576799146827,0.0935610619937981,0.187602034479262,-0.174937792667327,0.0329724954227548,0.16346381664405,0.0399851093800356,2367.0000000001,0.61860933188449,0.0831184780319819,1362.0000000001,0.180996953175321,0.79960628495981,0.0414091104413664,-0.369281287820691,0.429055677994347,0.0354623716428981,0.240990755991591,0.287475016334649,0.424464991110006,0.316412690285362,0.243882424305999,1.51729329135384,1.54211432754655,-0.931421718287335,-1.18451703069717,0.0324616219059974,-0.448345451560886,0,-1.78752100399602e-15,0.0692501308901942,0.0943300689951185,0.10978745121257,0.379121424127658,-0.909688431153867,0.861407637677533,0.441638557800728,0.441638557800728,1.33738752362969,0,0.374182464083262,0.414391245548668,0.659841547613669,0.23080089797674,1.10085130168473,0.590820260531578,-7.98903544363340e-11,2367.0000000001,0.0320358438435161,0.00937326649785038,0.829463797869707,0.827369318343699,2508.14877321953,0.125,206,2,"SNETWORK (2 17 2508.14877321953 0.829463797869707 206 206)",453673.001297293,4500223.5
17,207,0.0985860818379197,238,0,0,0,0,0,-0.242843212099708,-0.261008076095203,-0.224918727009641,-0.175619426423535,-0.347774417206271,-0.539056033019342,0.268257043219822,-0.347774417206271,-0.347774417206271,-0.30976335212864,0.199397450493843,0.233323273978487,0.513432546435625,0.20372513293931,0,0,0,0,0.0985860818379197,0,0.14577168048367,0.867901844260112,0.871837640842315,-0.0655698358382518,0.894587443500012,0.100168138849809,0.0374535500815076,-0.175011008527556,0.125004612459903,0.192258507095718,0.0399851093800356,1693.0000000001,0.520402169236681,0.098694237113824,2273.0000000001,0.358664013813647,0.879066182950328,0.0374258667645111,-0.509320500632269,-0.381078752575538,-0.368582665042448,0.19460351072113,0.798691104055476,-0.0457685636501904,0.729364190980987,-0.139393497419483,1.29860448826165,1.29502886528317,-0.846777826209189,-1.00371232496749,0.0324555668345935,-0.416704807701592,-6.83214319361007e-16,-1.78752100399602e-15,0.0692501308901942,0.0943300689951155,0.10978745121257,0.449571952815682,-1.0611112811601,0.887681926602757,0.535537640301186,0.535537640301186,-0.794073875349637,0,0.357783485225732,0.304553484091017,0.00317678890986235,0.368115480384465,1.3931396694064,0.861502871183688,-1.72421684493165e-11,2273.0000000001,0.0221558997194957,0.0152699669450153,0.83319194758836,0.868431292041539,2514.35661268478,0.125,207,2,"SNETWORK (2 17 2514.35661268478 0.83319194758836 207 207)",453667.586185676,4500223.58618568
17,208,0.112875090467089,240,0,0,0,0,0,-0.242843212099708,-0.261008076095203,-0.224918727009641,-0.175953683343074,-0.348322336761827,-0.537738852695411,0.266972777490418,-0.348322336761827,-0.348322336761827,-0.3104819768249,0.198970735663553,0.232927316079146,0.513074563985469,0.203273829635345,0,0,0,0,0.112875090467089,0,0.291683999926781,1.07068700031502,1.07730244568428,-0.183804017967426,1.11645493559684,0.109523053092595,0.107386791272266,-0.175310147613634,-0.0678760939656432,0.121723617432569,0.0399851093800356,1380.0000000001,0.268565678643018,0.0949275525098144,4068.0000000001,0.617404516523424,0.885970195066442,0.0368366229929707,-0.0389136989085469,-0.333439211537686,-0.00881556211854365,-0.38391391527846,-0.480520553821254,-0.0273110349755553,-0.423667933004469,-0.12409556663371,-0.581797620294838,-0.642836377978786,0.149088012509098,0.389354462503623,0.133099187503571,0.942734374245628,0,0,0.0360871592354762,0.049156646734976,0.0572116930760328,0.706640785828998,0.95754222464846,0.127243145789896,0.9144363970672,0.9144363970672,-0.504066876677918,-0.00315233615926602,-0.159674423122772,-0.192488628682601,-0.541662991896906,-0.0227775960845812,0.961999065734944,-0.309031940699049,0,4068.0000000001,0.0111663492504493,0.0256702736425214,0.839298103736628,0.586132064273298,2524.52413276278,0.125,208,2,"SNETWORK (2 17 2524.52413276278 0.839298103736628 208 208)",453659.225090406,4500219.22509041
17,209,0.114927533542413,241,0,0,0,0,0,-0.242843212099708,-0.261008076095203,-0.233315019097975,-0.177471504072048,-0.354762664607958,-0.544200831827666,0.265216565226937,-0.354762664607958,-0.354762664607958,-0.308821854670463,0.198363517095151,0.232507873571382,0.515120278386464,0.202258522158547,0,0,0,0,0.114927533542413,0,0.193102160236261,0.269253399132507,0.26913975804915,-0.146469598799637,0.268277126022977,0.114990892008051,-0.00795001393072533,-0.176956458527922,0.69216230593083,0.0887154571482539,0.0399851093800356,2527.0000000001,0.35842732490114,0.213545230196448,2004.0000000001,0.684201728466044,1.04262905326718,0.0476118925103069,0.0182428349711802,-0.0554107337635538,-0.447674748227109,0.112391317048272,0.789946376981126,0.0343942517422545,0.772079514008586,-0.0736878706970752,0.304072519448287,0.270638438305425,-1.24369879396718,-0.747763924510341,0.0323319594316488,-0.477618454467329,0,0,0.0692501308901942,0.0943300689951185,0.109787451212566,0.154159133920745,-0.716789080213626,0.641023544527722,0.167386984621821,0.167386984621821,-1.06603645108676,0,0.279735735543628,0.393344857715291,0.388623488367159,0.199672127169035,1.29912985090779,0.79884565770167,-7.98903544363340e-11,2527.0000000001,0.0163676651571396,0.0312442272531672,0.842335617000342,1.49284117928553,2529.58197542944,0.125,209,2,"SNETWORK (2 17 2529.58197542944 0.842335617000342 209 209)",453655.062869121,4500217.06286912
17,210,0.12374413123759,242,0,0,0,0,0,-0.242843212099708,-0.261008076095203,-0.233315019097975,-0.177694342018407,-0.354824757629069,-0.544017059560184,0.26490793492687,-0.354824757629069,-0.354824757629069,-0.309003734953428,0.198168724916777,0.232284371367461,0.514736794168044,0.202084899938807,0,0,0,0,0.12374413123759,0,-0.39551395860787,-0.697793803178785,-0.691678804353865,0.530482817464287,-0.658718359373753,0.120619851379576,-0.457965844754984,-0.177132176592471,-0.391004460544137,0.511563157888212,0.0399851093800356,772.0000000001,0.631412440667946,0.0952297260752726,2877.0000000001,0.438035159560947,1.06944760012889,0.0547155025093864,0.414371139667919,0.000932732652338635,0.100091102204034,-0.00581678639770658,-0.127845951592971,-0.217782772035984,-0.141168907742716,-0.287378004882483,-0.390827002462627,-0.446790482772534,-0.422849323028261,-0.381408781539965,0.0323469652347986,-0.123553778859245,6.83214319361007e-16,-1.78752100399602e-15,0.0449503442224905,0.0612297625629763,0.0712631681684412,0.534985716556773,0.446900525491312,0.0133043973912455,0.654914621488114,0.654914621488114,-1.02081010631845,0,0.239682499245204,0.291532891920065,-0.215021579557704,0.300873751207534,1.10991030110347,0.349883423287714,-7.98903544363340e-11,2877.0000000001,0.0323045737933103,0.0224109286160761,0.846002091703943,0.110098713077605,2535.68711821635,0.125,210,2,"SNETWORK (2 17 2535.68711821635 0.846002091703943 210 210)",453649.190874357,4500216.5
17,211,0.128685953940654,243,0,0,0,0,0,-0.25190702681636,-0.277001415859243,-0.239182346840841,-0.178039110161831,-0.35623107213691,-0.544816739944311,0.264443376569977,-0.35623107213691,-0.35623107213691,-0.309820272049589,0.197766643575187,0.231886966168497,0.515160082474911,0.201547960037621,0,0,0,0,0.128685953940654,0,-0.440760422863266,-0.766316083204729,-0.759135508030616,0.608273241690235,-0.720667857181014,0.126728983904418,0.103725267295584,-0.177498255893615,-1.19461596396496,0.0832469632927182,0.0399851093800356,594.0000000001,0.0790590187478521,0.158094722649917,3894.0000000001,0.984260132964729,1.06331915161258,0.05484315704348,-0.129241409802795,0.391426002923606,1.17512558736605,-0.467035716372216,-2.22536681820726,0.345442709336281,-2.45420884929035,0.179304546192043,-1.96584741259902,-2.06917397863812,-0.463342658933071,-0.413139678360174,0.0324525392043047,-0.163417436729334,6.83214319361007e-16,0,0.0521141206371776,0.0709880043854322,0.0826204427831669,0.563385994392522,-0.128745453957541,0.00873144672480036,0.696002546031627,0.696002546031627,1.50430118850878,0,0.111740193625038,0.148258646116136,0.19364089633616,0.0770034595824371,1.24225926690596,0.666839738168253,1.19076164244494,3894.0000000001,0.00407765266085341,0.0507655042826266,0.849081947487662,0.319605328804738,2540.81546651894,0.125,211,2,"SNETWORK (2 17 2540.81546651894 0.849081947487662 211 211)",453644.483552426,4500215.51644757
17,212,0.134386772319855,244,0,0,0,0,0,-0.25190702681636,-0.277001415859243,-0.239182346840841,-0.178467968096333,-0.357510360265636,-0.544721148817246,0.263962056817434,-0.357510360265636,-0.357510360265636,-0.310565158221024,0.197486451778339,0.231571619104455,0.515163577245892,0.201217114706983,0,0,0,0,0.134386772319855,0,-0.389078830614,-0.267203863481128,-0.265868433066531,0.562481742462821,-0.2583474419341,0.134417413089031,1.20608919704419,-0.177849692022714,-1.29141164615817,0.11068284304822,0.0399851093800356,880.0000000001,0.155725435003909,0.0995156178380267,2824.0000000001,0.449316647972224,0.605042082876132,0.0294255055930599,-0.354291428781196,-0.144453508049062,1.51618800082806,0.10863863979799,-1.9617127381067,1.03106125356397,-2.0388183746543,0.70781972969636,-1.44937753676089,-1.53085214774616,0.824029689361818,0.591736759781334,0.0324699832566368,1.40120699477613,0,-1.78752100399602e-15,0.0380043595929934,0.0517681889757992,0.0602511752836511,0.802380456238951,1.16715508494905,0.030532498950349,1.07140529535932,1.07140529535932,-0.231351817007063,0,-0.43879488270458,-0.48559065068425,-0.57395327981391,-0.294877107609489,0.715911917851104,-0.516289655317286,0.532304636651039,2824.0000000001,0.00757352219063674,0.0218519833024232,0.852645352001483,1.38294562976807,2546.74898444094,0.125,212,2,"SNETWORK (2 17 2546.74898444094 0.852645352001483 212 212)",453639.37164882,4500215.5
17,213,0.138263403047117,245,0,0,0,0,0,-0.283861186864322,-0.317327976781737,-0.252519499497718,-0.182277235632208,-0.398774290376603,-0.588810891080404,0.255390243812488,-0.398774290376603,-0.398774290376603,-0.328473676730182,0.199515356534973,0.234961554173077,0.530656142410152,0.201346584527635,0,0,0,0,0.138263403047117,0,-0.340522842217459,0.127771754859893,0.127565215604128,0.515297236932444,0.126299017806455,0.140934589962202,1.55582207313594,-0.18091429874372,-0.269834957588959,0.113500620099732,0.0399851093800356,1455.0000000001,0.264032751744836,0.107504290744202,4028.0000000001,0.692327901420115,0.95636065306495,0.0444031375025861,-0.519863157453961,-0.366302128416557,0.852980339816683,1.23844580944777,0.476789471177641,1.14353454631501,0.47392031599286,0.789416512704853,0.845258329698596,0.840697451902371,0.226884586671464,0.198968350052986,0.0317579804666741,0.426515261241949,-6.83214319361007e-16,-1.78752100399602e-15,0.0683960480938444,0.093166667741259,0.108433409391553,0.503548524226019,-0.957934334749669,0.853818064607966,0.610253657907355,0.610253657907355,-0.0631826726441906,0,-0.617341259758488,-0.492472614366736,-0.0619850656829378,-0.593635786794484,0.0896051836442672,-1.95375280899674,-7.5788637621322e-11,4028.0000000001,0.0122588507941242,0.0321442866084619,0.855809407468481,1.54253119602799,2552.01753583522,0.125,213,2,"SNETWORK (2 17 2552.01753583522 0.855809407468481 213 213)",453634.517310988,4500214.5
17,214,0.148828103253104,246,0,0,0,0,0,-0.286954575012905,-0.318506694793026,-0.252519499497718,-0.18929663094252,-0.405601314990183,-0.578427257405142,0.245496699115064,-0.405601314990183,-0.405601314990183,-0.332519832096664,0.200618321180849,0.235714636390739,0.531063863821715,0.202587889892994,0,0,0,0,0.148828103253104,0,-0.256117318304472,0.596691381575044,0.59806885896495,0.419575242071398,0.605631737913191,0.146960651006716,0.875754397612302,-0.186861518476022,-0.907549461929731,1.32833349106166,0.0399851093800356,666.0000000001,1.41441849424625,0.230487414267032,3849.0000000001,1.41837706873595,2.8327955628822,0.124492370664912,-0.489247597281276,-0.529518553567979,1.29499377394586,1.59688525055031,0.335126608810906,0.63359706801374,0.316802060261103,0.399520551321388,0.75830208822091,0.749612036182078,-0.648786143385718,-0.620720098563488,-1.09554823768688,-0.244110348290413,0,-1.78752100399602e-15,0.0144682191503613,0.0197080943118227,0.0229375581487598,0.862877985363063,0.491928552742786,-0.253285763154907,1.1754144826342,1.1754144826342,1.29001809333004,0,0,0.0279167991535609,0.695336134882075,-0.152414736334998,1.23839393191756,0.657542873987088,-7.98903544363340e-11,3849.0000000001,0.0621592018924871,0.0623331686724251,0.859817611512825,0.726078342891569,2558.6917010724,0.125,214,2,"SNETWORK (2 17 2558.6917010724 0.859817611512825 214 214)",453629.5,4500212.5
17,215,0.154376751350047,248,0,0,0,0,0,-0.29155895436191,-0.326604249152342,-0.257090376109972,-0.19094268860289,-0.412058477204204,-0.571389221635843,0.239005788721216,-0.412058477204204,-0.412058477204204,-0.335896744504466,0.200744689155279,0.235747987601515,0.529969135722291,0.202897349213674,0,0,0,0,0.154376751350047,0,-0.297147881087898,1.46998845444188,1.48375357011456,0.574497986438872,1.56835657928853,0.154909482890593,0.999217892611609,-0.189133302024837,-0.647439775265682,0.409755625026653,0.0399851093800356,3728.0000000001,2.44229096223542,0.213295676591477,2288.0000000001,0.780251562673018,3.22254252480843,0.127887014584274,-0.427341256532411,-0.468944692743267,1.16308074729294,1.36442124417103,0.208669721763584,0.525047106818912,0.181115017329061,0.313445584978723,0.53763089545883,0.509797875071375,-0.235939377936779,-0.231172908314683,0.0314016109176658,-0.165479949402779,0,-1.78752100399602e-15,0.00325302141155082,0.0044311502411537,0.00515725999248228,0.772166465888393,1.2285333221201,-0.235042066917071,1.02087699024231,1.02087699024231,-3.38473897129186,0,0.147677489784437,0.190636688847216,-0.455125127055132,0.264906677452453,1.21801363731155,-0.0893573035187159,-7.98903544363340e-11,3728.0000000001,0.0969226308899316,0.0309643835943425,0.866183058000709,0.326387494793899,2569.29097226683,0.125,215,2,"SNETWORK (2 17 2569.29097226683 0.866183058000709 215 215)",453620.24782415,4500209.24782415
17,216,0.160914506281663,249,0,0,0,0,0,-0.296170802290554,-0.33482016023028,-0.257090376109972,-0.191520805916558,-0.414543227408218,-0.574453643309649,0.239495311947662,-0.414543227408218,-0.414543227408218,-0.337186420531084,0.20015656955046,0.235206971558579,0.530815675512613,0.202078699178117,0,0,0,0,0.160914506281663,0,-0.333240075287679,1.87824055690802,1.90181453339564,0.682748680239618,2.05178710783295,0.159914793345391,1.19373815396655,-0.190884207025166,-0.357856757765875,0.18468767928578,0.0399851093800356,3270.0000000001,0.965566636846209,0.0974449400259474,3127.0000000001,0.487173602609854,1.45274023935606,0.0549751527210484,-0.396005323803637,-0.438312802213682,0.734016933618924,1.02642446455848,0.359844123167426,0.554778929921787,0.296034954326296,0.335499814595309,0.576544459961339,0.549220136753065,0.053205404800724,0.0902732133808954,0.0313592003484408,0.486474899336636,0,-3.57504200799203e-15,0.0049263633621868,0.00671051722035313,0.00781013509042226,0.898617590344188,1.16241117336018,-0.7002451070661,1.23868292576203,1.23868292576203,-0.241823443732641,-0.00138790069043815,-0.155420188397045,-0.0632066216573209,-0.126431850844083,-0.11573379234135,0.571880939346224,-0.320170524988659,0.10790364207606,3270.0000000001,0.0365393425380013,0.0184358100830471,0.869415908610282,0.182902535423636,2574.67407624974,0.125,216,2,"SNETWORK (2 17 2574.67407624974 0.869415908610282 216 216)",453615.174479072,4500208.5
17,217,0.173075290738025,251,0,0,0,0,0,-0.296170802290554,-0.33482016023028,-0.257090376109972,-0.193265669081445,-0.42225207772487,-0.580196990417159,0.242785473884698,-0.42225207772487,-0.42225207772487,-0.339649397554573,0.199532902928125,0.234242605063263,0.530419392213697,0.20140345062568,0,0,0,0,0.173075290738025,0,-0.371516173099827,2.64583666478319,2.69440271205135,0.841726343483727,3.02288298085004,0.171126297313155,0.355026218365103,-0.19234015670286,-0.896205553515195,0.287605524357632,0.0399851093800356,3677.0000000001,1.6907812696002,0.0862919864311971,2543.0000000001,0.350843472553649,2.04162474205385,0.0706683499601926,-0.303682779842933,-0.376257060681169,0.802193006638004,0.774862802133396,-0.0731108043084986,-0.144878524385833,-0.0474527992988976,-0.235122857019363,0.217794978234198,0.185514100499581,1.10675183551182,0.758849386002006,0.0308218980574903,1.74577793227311,0.311999510739126,0.311999096882555,0.0216059990313306,0.0294309245792677,0.0342536184994635,0.278517629707735,0.291595019033874,-0.29258060975188,0.314341486959017,0.314341486959017,0.259585246461489,-0.00489149240588982,-0.650291258950294,-0.670631291617382,-0.19587901720876,-0.59530071968557,-0.145646201814028,-1.12789241567376,1.53809450554754,3677.0000000001,0.0585243310559379,0.0121440188042548,0.876623400597002,1.04954490829855,2586.67545939612,0.125,217,2,"SNETWORK (2 17 2586.67545939612 0.876623400597002 217 217)",453604.733310006,4500206.73331001
17,218,0.177180024866851,252,0,0,0,0,0,-0.307227785646621,-0.347338792878548,-0.232483145069682,-0.204472735987487,-0.460598844663051,-0.587011039726688,0.251814158614846,-0.460598844663051,-0.460598844663051,-0.332038427061138,0.211072309726129,0.248104930318778,0.539585468252948,0.21366867305759,0,0,0,0,0.177180024866851,0,-0.412254942527684,3.02287117118841,3.08671045288108,0.970561601696901,3.531365842044,0.178631853646359,0.823675952727939,-0.197092911972571,-0.17489018036913,0.320586419904565,0.0399851093800356,3513.0000000001,1.80061078001669,0.426291633298279,2096.0000000001,1.4285474219989,3.22915820191559,0.106993589533055,-0.48100717040177,-0.316413401472286,0.474804245992075,0.366195702938561,-0.159805744134182,0.0954422623933253,-0.105803032104026,-0.0368456900002704,0.0800149010968278,0.0572934664525916,-0.053794885795747,0.193902137064754,0.0304130814958455,0.428886764578083,0,-1.78752100399602e-15,0.0498266624898422,0.0678721101324122,0.0789939629986053,0.571950896830459,-0.481772452903218,1.36328425538797,0.70853380404659,0.70853380404659,1.4529302630905,0,-0.266145989831177,-0.142973448252188,0.365779396487087,-0.341915340675344,-0.172873674015393,-0.983984429828413,0.562770015161221,3513.0000000001,0.0596606912621435,0.0473328981709111,0.879652422088621,1.67428732477129,2591.71916219129,0.125,218,2,"SNETWORK (2 17 2591.71916219129 0.879652422088621 218 218)",453600.614674505,4500206.5
17,219,0.187746580807987,253,0,0,0,0,0,-0.311890154679576,-0.351883520618301,-0.233937916789455,-0.212181667584647,-0.463955499230224,-0.584014975645401,0.244820166429337,-0.463955499230224,-0.463955499230224,-0.334044470479619,0.211015656984368,0.247790325293779,0.538172628736132,0.213808306199704,0,0,0,0,0.187746580807987,0,-0.454920785451044,3.20501708606121,3.27691586645661,1.08749756524625,3.78482259122073,0.186508121640145,0.48796434000997,-0.211407658588168,-0.547299932733378,0.443659606692615,0.0399851093800356,895.0000000001,0.63484762576072,0.107069606285275,3778.0000000001,0.646732570875746,1.28158019653647,0.0415771066582479,-0.363569581853184,-0.49121530365191,1.37326885006809,0.84651242561865,-0.781939757380064,-0.15949580088489,-0.534386803815538,-0.260674826086385,-0.656231583141443,-0.688432658129281,0.412135711099529,0.201548684445868,0.130612362247851,0.454204687002115,0,-1.78752100399602e-15,0.0336496410070747,0.0458363459686723,0.05334731173639,0.62593892443877,-0.56219113379249,1.78799955435574,0.789044976180787,0.789044976180787,0.589772492075355,0,-0.230369713043632,-0.171105874343826,0.376439636960988,-0.308565816471169,-0.653556555634489,-1.6304100597967,-7.4753638273205e-11,3778.0000000001,0.0205957672050022,0.0209813393532457,0.883040660111166,0.919269788078964,2597.36100581382,0.125,219,2,"SNETWORK (2 17 2597.36100581382 0.883040660111166 219 219)",453595.801258007,4500204.5
17,220,0.191547126394121,254,0,0,0,0,0,-0.308892042644841,-0.346969500767181,-0.228003689032729,-0.215400204338192,-0.476490059538098,-0.572783852809516,0.217241805373698,-0.476490059538098,-0.476490059538098,-0.340542358781907,0.210283739431103,0.247009760171446,0.533359703014407,0.213649143082616,0,0,0,0,0.191547126394121,0,-0.434298199236933,2.464316331988,2.50622164931854,0.953156840669787,2.78563807526027,0.193278814225053,1.40926964263939,-0.213551837352012,-0.73435272515137,4.08657875439194,0.0399851093800356,2694.0000000001,17.6016766591604,0.21988383261544,3461.0000000001,1.21672231137294,18.8183989704333,0.665241903157253,0.00843302499446436,-0.375448297201268,1.23451860690348,0.502443305840804,-1.03985796393087,0.551434236994259,-0.779220636354244,0.317358686116874,-1.20066293999359,-1.23084744772569,1.03657349513481,0.326699107159705,-0.686943373278017,0.721249867230575,0,-1.78752100399602e-15,3.06473152409782e-15,0,3.18349622404139e-15,0.775693345876174,1.19221319198599,-1.99880839523859,1.0267273712914,1.0267273712914,-0.253507700862711,-0.000268202230927939,-0.518135996913152,-0.375959390582869,-0.166989683214793,-0.469654086933604,0.31985851891525,-0.3477327670313,1.73777011180483,3461.0000000001,0.622230025844986,0.0430118772122672,0.886684393247938,0.728310557618428,2603.42828102385,0.125,220,2,"SNETWORK (2 17 2603.42828102385 0.886684393247938 220 220)",453590.544130479,4500202.54413048
17,221,0.201352830923971,255,0,0,0,0,0,-0.329363226255252,-0.369675978971769,-0.233109576934975,-0.230462788165203,-0.540298724203141,-0.647141743713065,0.343956669957932,-0.540298724203141,-0.540298724203141,-0.369565537113384,0.215674295385924,0.250105877048381,0.540441057456597,0.218968650410586,0,0,0,0,0.201352830923971,0,-0.354115332673916,1.53806429112992,1.55329175193536,0.685888840049338,1.64743895853973,0.204309211362473,1.26699210138875,-0.229682337301284,0.164782483728244,2.6704347893727,0.0399851093800356,2676.0000000001,11.4252223521218,1.3246768624704,2363.0000000001,5.00461008728121,16.429832439303,0.646867161433533,0.591367051140861,-0.00873753007094768,0.640751994990029,1.44668441193764,1.03271620998276,0.669901662434576,0.873136474636809,0.39816220445688,0.290588285965158,0.273468311878786,0.0843723623784476,0.273374796225218,0.0296152132632688,0.247748713343569,6.83214319361007e-16,0,0.00706603990023621,0.00962510861341723,0.0112023255529013,-0.290771829244189,0.126330178534899,0.394989606947015,-0.2759988047757,-0.2759988047757,0.395908860715347,-0.00119329389985179,-0.232839284225183,0.0179074345421593,0.433994380934685,-0.32451547981783,0.526309353775256,0.581574573321424,0.0517783720748109,2676.0000000001,0.449828151188088,0.197039010145444,0.889758430186752,0.0655660415068269,2608.54694021582,0.125,221,2,"SNETWORK (2 17 2608.54694021582 0.889758430186752 221 221)",453586.272177855,4500200.5
17,222,0.224762929834654,257,0,0,0,0,0,-0.327868688476496,-0.369292396622946,-0.244797449806624,-0.232640713754147,-0.544875779788992,-0.644761742820814,0.334578395153268,-0.544875779788992,-0.544875779788992,-0.373075255106732,0.21543084397616,0.249195933713208,0.536771692413165,0.219219375955807,0,0,0,0,0.224762929834654,0,-0.461390039660903,1.22082073849163,1.2298357128968,0.868323751256888,1.28399700135986,0.224043276647433,0.640620554976896,-0.2317533002049,-0.0417574345452374,0.868648243050439,0.0399851093800356,1280.0000000001,1.77766732491342,0.141061896325968,3953.0000000001,0.891524138699961,2.66919146351338,0.109050763207731,-0.065152137684063,0.26839030746853,0.20663113776068,0.676846042862653,0.624621257922902,0.343765445596138,0.548892948835634,0.140749536822545,0.588965158802436,0.55113404192493,-0.401618527535068,-0.122227781370606,0.0285737039403292,0.104419532072265,0,0,0.0104533933530991,0.0142392411906703,0.016572552253782,0.644754467821437,-0.234443918375117,0.862078308787525,0.817731667899287,0.817731667899287,-1.01578735918857,0,-0.126549057754692,0.0906104196173647,0.589749824842477,-0.254487147217155,-0.0725150184354761,-0.0166421672264096,0.731210299034867,3953.0000000001,0.0726272284996288,0.0364235346081022,0.897089620015219,0.710412641607077,2620.75429586913,0.125,222,2,"SNETWORK (2 17 2620.75429586913 0.897089620015219 222 222)",453576.242535359,4500197.24253536
17,223,0.239130031361924,259,0,0,0,0,0,-0.320152965739738,-0.364133967479613,-0.244785126657899,-0.234244726518977,-0.551333051517924,-0.638805469550175,0.325122413260699,-0.551333051517924,-0.551333051517924,-0.376471628573604,0.215279069665511,0.248613936144493,0.534647405580316,0.219350812412296,0,0,0,0,0.239130031361924,0,-0.478549290721902,0.648823306614841,0.65060039845727,0.840307840780269,0.660494633311958,0.238585848922286,0.637630532629732,-0.233391243592305,-0.364011607197224,2.47309617316349,0.0399851093800356,3221.0000000001,12.735860833173,0.349569767179455,3196.0000000001,1.78622930602386,14.5220901390968,0.634317907268809,0.490186944021372,0.411166029348559,0.587194665878831,0.220606858202166,-0.499533592093277,0.461818586385422,-0.464013817880388,0.233308733095036,-0.597060432539171,-0.625789465466196,0.880406441370271,0.447040289143125,0.0284451194619343,0.650695711788959,0.488512108213789,0.488511460219359,0.0338295150266543,0.0460813639702084,0.0536324795749896,-0.0555272077631611,-0.191350256314072,0.597935984823372,-0.0565465562464804,-0.0565465562464804,0.874430225453892,-0.000390419124098873,-0.642799822789208,-0.835760981642608,-0.118826106899912,-0.605835252525173,-0.289544873061604,-1.11983434629098,1.43885337353408,3221.0000000001,0.556296270874552,0.0780216362942562,0.903206548672363,0.882347048260272,2630.93975353301,0.125,223,2,"SNETWORK (2 17 2630.93975353301 0.903206548672363 223 223)",453568.021500161,4500192.5
17,224,0.24802271419823,260,0,0,0,0,0,-0.328332774185888,-0.375610913488607,-0.247033558060451,-0.244434306952964,-0.559674493066817,-0.61876147629014,0.286230355368543,-0.559674493066817,-0.559674493066817,-0.397195799514744,0.221869228679997,0.259778178426677,0.536128000377603,0.226901266668547,0,0,0,0,0.24802271419823,0,-0.488490499769936,0.370521925650352,0.370680308234892,0.830325959175995,0.371292877265902,0.248944907190723,0.603211940568372,-0.243225179561897,-0.0666712789132769,0.628681226033511,0.0399851093800356,2037.0000000001,2.04747258295895,0.672524138992011,1668.0000000001,1.79349635336023,3.84096893621919,0.1733291214063,0.821949462971504,0.466163306542673,0.989150697557327,0.655835423373672,-0.479958922532424,0.496628754586207,-0.46128438429647,0.253847076065398,-0.579282087151738,-0.606246378319419,-1.97258073496605,-1.96960824254164,0.0276603377113527,-0.502136863551655,0,-1.78752100399602e-15,-3.06473152409782e-15,0,0,0.544807362302774,-0.54720317859833,1.68511951268927,0.669043759005095,0.669043759005095,-13.0665162074579,0,-0.144923314421316,0.264583185959781,1.05630328014319,-0.382131451664627,-0.711336578189602,0.925796954914275,-7.98903544363340e-11,2037.0000000001,0.0923950778014497,0.0809340435048507,0.906700891531688,0.112028136685418,2636.75827509042,0.125,224,2,"SNETWORK (2 17 2636.75827509042 0.906700891531688 224 224)",453563.75444025,4500188.75444025
17,225,0.258587414404216,261,0,0,0,0,0,-0.333086247870145,-0.380789624263557,-0.247033558060451,-0.244453227155957,-0.559709807129917,-0.618774431969504,0.286103843137502,-0.559709807129917,-0.559709807129917,-0.397253749498925,0.22184882764315,0.259723751956696,0.53597664854839,0.226899328136583,0,0,0,0,0.258587414404216,0,-0.494348991477883,0.121684409622152,0.121481432879373,0.814917972971713,0.120240701966686,0.259459759180572,1.01538646778876,-0.243605902035087,-0.251640284590461,0.747936375994735,0.0399851093800356,3091.0000000001,3.69624061904952,0.139768290175456,805.0000000001,0.179887550135097,3.87612816908462,0.180094422416863,0.685876068174695,0.793206412127995,0.34489401144096,0.620559983901479,0.352353531003856,0.826710430322502,0.350699993391291,0.508566210010816,0.175250762830601,0.13363473625541,0.00171171523263797,0.260712191751811,0.0276889441691656,0.307862846769599,6.83214319361007e-16,-1.78752100399602e-15,0.0153476500248482,0.02090602381752,0.0243317861882793,-0.111885860116601,-0.11259034395551,0.60955414474372,-0.112018579830782,-0.112018579830782,-0.0916681688098292,-0.00142628842495596,0.00847532833530323,0.195050564049649,0.44728064584493,-0.0858457025028024,0,-0.42447740318577,-7.98903544363340e-11,3091.0000000001,0.171736405503902,0.00835801681296137,0.909753639832438,0.821376900298394,2641.84148601515,0.125,225,2,"SNETWORK (2 17 2641.84148601515 0.909753639832438 225 225)",453560.160067335,4500185.16006734
17,226,0.2675580381168,262,0,0,0,0,0,-0.337847624253792,-0.387141681385341,-0.247033558060451,-0.245531678726544,-0.561731805446193,-0.618186657875637,0.282516185033887,-0.561731805446193,-0.561731805446193,-0.399662263743097,0.221353496135814,0.258919275461517,0.534236013989524,0.226570762758607,0,0,0,0,0.2675580381168,0,-0.50251302455239,-0.169020754228438,-0.168319184085567,0.799910755716802,-0.164316858780254,0.266120845959391,0.354751537396714,-0.244256477250263,-0.837183403205116,3.67415269625406,0.0399851093800356,1114.0000000001,6.54393484866574,0.289310494480599,1172.0000000001,0.542111192369955,7.08604604093569,0.340667222930401,0.694877325163664,0.659068698914601,0.708360077105285,1.04299555479937,0.405431591303083,0.426057676703804,0.416591383297081,0.19748019828203,0.118318119562328,0.077557181394688,-0.296233281739862,-0.173038824904958,0.128328397188064,-0.0773596747873275,6.83214319361007e-16,-1.78752100399602e-15,0,3.06359752825323e-15,0,0.245398416584272,-0.397228612672756,0.904238509667459,0.274111500026431,0.274111500026431,-0.182482729643559,-0.00545343118621067,0.0583440054753933,0.256061227000134,0.536259291501227,-0.0567132155109289,-0.267479284512176,0.85282934715603,-6.44778350906635e-11,1172.0000000001,0.314604801944112,0.0260624208862892,0.913261034654162,0.071727856523803,2647.68174073603,0.125,226,2,"SNETWORK (2 17 2647.68174073603 0.913261034654162 226 226)",453555.151703962,4500183.15170396
17,227,0.2727262605081,263,0,0,0,0,0,-0.337847624253792,-0.387141681385341,-0.247033558060451,-0.24611820501932,-0.56369663308464,-0.617333914546354,0.280241837206029,-0.56369663308464,-0.56369663308464,-0.399798760922257,0.221047508561207,0.258406796568267,0.532602929855267,0.226447527501724,0,0,0,0,0.2727262605081,0,-0.527620909591327,-0.609856981438959,-0.604985716163279,0.805393358802008,-0.578516091962805,0.27193079729788,0.727457609626208,-0.244892409293394,-1.04830942690566,0.11817297461738,0.0399851093800356,690.0000000001,0.130365847674163,0.101260506198148,1501.0000000001,0.243006203598923,0.373372051173086,0.0189057047103284,0.669063041130013,0.667941910539469,1.75899474972511,0.365914183814905,-1.90531419436915,0.796565485674619,-2.06265400177875,0.484713725661385,-2.22547158658559,-2.25904318361818,-0.12626085909771,-0.0930805281762572,0.128277620364953,0.127987794868824,6.83214319361007e-16,0,0.0284671482100762,0.0387769383282269,0.0451311153509656,0.545395283071483,-0.489547304558004,1.39018684247419,0.669892207215982,0.669892207215982,0.72115799753042,-0.00177845648978892,0.148773684113294,0.297407944837402,0.193632856716845,0.11411056522701,-0.647862241073089,-0.503440705547667,0.196381911853109,1501.0000000001,0.00660107846430579,0.0123046261460226,0.916747781861498,0.554455011824423,2653.48761457493,0.125,227,2,"SNETWORK (2 17 2653.48761457493 0.916747781861498 227 227)",453550.167651543,4500181.16765154
17,228,0.27865548633251,264,0,0,0,0,0,-0.337847624253792,-0.387141681385341,-0.250955930882906,-0.246881319873361,-0.566971474488464,-0.614846746173405,0.274616936621367,-0.566971474488464,-0.566971474488464,-0.400511438363368,0.220402647233946,0.257586000268293,0.531858795814688,0.225795985549308,0,0,0,0,0.27865548633251,0,-0.591295514439509,-1.00639117636175,-0.994804176383916,0.907388509916292,-0.933997849862322,0.28067151774853,1.80480143666147,-0.245852583003252,-0.593111707802386,0.183566590693504,0.0399851093800356,986.0000000001,0.289379079909054,0.102255530797573,883.0000000001,0.144359073295723,0.433738153104776,0.0230137762722863,1.31329487732294,0.642494841818316,1.61850204362295,0.747898736477943,-1.20707449797721,1.53815406650422,-1.37087463884036,1.03291018742875,-1.2563763255899,-1.29236183806925,0.0103826056714476,0.0591704734560954,0.128240775560512,0.293463881888319,0.423675618456726,0.42367505646566,0.0293395812714199,0.0399653356613734,0.0465142492299441,0.683126699841135,-0.569562674950455,1.44079386235324,0.877263131099948,0.877263131099948,0.0496260747808473,0,0.115932958167609,0.207592979006976,0.40919829958865,0.0307359140667395,-0.182972215624133,-1.51123718059345,0.196795740931464,986.0000000001,0.0153542069691858,0.00765956920310044,0.919901722503615,0.147630075924098,2658.73932351013,0.125,228,2,"SNETWORK (2 17 2658.73932351013 0.919901722503615 228 228)",453546.020920057,4500178.5
17,229,0.287167743463173,265,0,0,0,0,0,-0.341118487899322,-0.389334232555936,-0.250955930882906,-0.248085906130566,-0.572069893145231,-0.610984900631532,0.265956405235503,-0.572069893145231,-0.572069893145231,-0.402978358239592,0.219596633072437,0.256600832938093,0.530731481676329,0.225009342152418,0,0,0,0,0.287167743463173,0,-0.529308050034183,-0.800770877026049,-0.793022434669375,0.787618488743289,-0.751638322312526,0.294641042734365,1.66073713571353,-0.24635463461625,0.112230651644666,0.240119577350661,0.0399851093800356,1347.0000000001,0.517120483075827,0.157806957007346,1198.0000000001,0.302259206513246,0.819379689489073,0.0424334564167706,-0.845247448422239,1.27756230239887,1.325945897306,1.85206293045692,0.620964502349825,1.41324861889948,0.685454443493226,0.942164131136718,1.05056835865544,1.00770255521868,-0.27161823119578,-0.0569135624874398,0.128157430086734,0.180829060571826,0.43778928985378,0.437788724298494,0.0303169547947517,0.0412966791650645,0.0480637531316763,0.728961359044686,-0.547342219403698,1.23552946064116,0.950218461315306,0.950218461315306,0.770664243820536,0,0.140179463214116,0.159423135048547,0.674536744550029,-0.00709487207717429,-0.228747744354687,-1.56778862210759,-7.98903544363340e-11,1347.0000000001,0.0267802701348662,0.0156531861819045,0.923619522407374,1.20531872711377,2664.92992922829,0.125,229,2,"SNETWORK (2 17 2664.92992922829 0.923619522407374 229 229)",453540.612247166,4500176.61224717
17,230,0.30442221686121,266,0,0,0,0,0,-0.341118487899322,-0.389334232555936,-0.250955930882906,-0.248664023444234,-0.57447619388476,-0.609216175149966,0.26236893449512,-0.57447619388476,-0.57447619388476,-0.404217338125043,0.21899312322447,0.255942994245945,0.528795300213878,0.224581811755862,0,0,0,0,0.30442221686121,0,-0.393609009520379,-0.292083038019128,-0.290560378305723,0.568280990602785,-0.282010460671616,0.305227752211863,1.36074364938601,-0.247318992089549,-0.422253071207226,0.135420227150781,0.0399851093800356,360.0000000001,0.0779439863563027,0.095873828948542,2227.0000000001,0.341363327774786,0.419307314031089,0.0204522562795828,0.964341509308934,-0.850274163224232,2.55492399220625,1.7044121631294,-1.27774176237981,1.12830033696203,-1.33198409840142,0.732367194432681,-1.92741946824089,-1.95875556983672,0.38388720403635,0.116278195656068,0.18705745117993,0.334756621573342,0.49539476640421,0.495394109280173,0.0343061398323901,0.046730605354043,0.0543881087981171,0.6735728842861,-0.622267066790341,1.80943532408512,0.862310903033123,0.862310903033123,0.957430260647146,-0.000653124040467468,-0.323629376506855,-0.411744098739887,0.277428636779078,-0.378823881833476,-0.312683384156848,-2.20391721166356,0.0082696338543881,2227.0000000001,0.00380181867000242,0.0166504375095803,0.926907830895436,2.10253144448786,2670.40537757307,0.125,230,2,"SNETWORK (2 17 2670.40537757307 0.926907830895436 230 230)",453536.154734073,4500174.15473407
17,231,0.31878931838848,268,0,0,0.17072214580468,0.160394613030368,0.158844019730788,-0.342899564611833,-0.394109612565944,-0.231655442399623,-0.253921737631443,-0.593129882917356,-0.59354315807415,0.220617273369502,-0.593129882917356,-0.593129882917356,-0.414470812325122,0.219776151546796,0.257815947233076,0.523818829843638,0.226235345985484,0,0,0,0,0.31878931838848,0,-0.43072750362557,-1.39455262508575,-1.37358694644733,0.524636690352474,-1.26699699420052,0.321291873775614,1.3653724237242,-0.25288339746694,-0.475576034067012,1.62087954017662,0.0399851093800356,416.0000000001,1.07805432329927,0.371524188635433,1128.0000000001,0.670027717111014,1.74808204031028,0.0971066320761188,0.318041498109994,0.768971106353739,0.688562837374634,2.68854452904823,2.57660954317277,1.38351296971129,3.0549323409062,0.91595857475646,3.21019540794469,3.16407564461842,-0.0187128903458893,0.122047096219574,0.0270599438487791,0.312605853441866,0.491493318160766,0.491492711485208,3.06473152409782e-15,0,0,0.611656691048521,-0.562475825255364,1.44873428155865,0.767488170322719,0.767488170322719,0.0763096542308302,0,-0.264011595663016,-0.325453548847019,0.683760718062946,-0.414226233952771,-0.745644175662807,-1.88521543487021,0.154307318706981,1128.0000000001,0.0598863337103916,0.0372202982657273,0.934167621440368,1.39454133121762,2682.49384441463,0.125,231,2,"SNETWORK (2 17 2682.49384441463 0.934167621440368 231 231)",453529.5,4500164.82274834
17,232,0.327073320095756,269,0,0,0.17072214580468,0.160394613030368,0.158844019730788,-0.341396358273259,-0.390923264517139,-0.231655442399623,-0.254981268999037,-0.597254775119668,-0.589407122689175,0.212722276886125,-0.597254775119668,-0.597254775119668,-0.416756080600914,0.219840053025002,0.258056226691031,0.521464512125124,0.226654664320491,0,0,0,0,0.327073320095756,0,-0.428757544463206,-1.01788034930842,-1.00605600448441,0.559323728195416,-0.944063824479366,0.324941894858227,0.707157085978943,-0.253069574940094,-1.24676086723921,4.03210618770851,0.0399851093800356,144.0000000001,0.928305722562153,1.06718932267758,432.0000000001,0.737092161618838,1.66539788408099,0.0884845425740355,0.0387982629253436,0.296466677094035,0.644307659659018,1.40169437614303,0.97220265493108,0.872618211037336,1.10140088443402,0.536771959591048,1.40732904333418,1.35803911396811,-0.307286460891079,-0.0843566887542761,0.0270017287107428,-0.0495196160791016,0.285372168993307,0.285371834700718,3.06473152409782e-15,3.06359752825323e-15,0,0.25542215586073,0.0140816607543619,0.624424520820146,0.286201895888506,0.286201895888506,0.927799332892057,0,0.250520826869073,0.343633990592494,0.954840506851041,0.0378317987257814,-0.292596691976527,0.627588517311305,1.26337027831455,432.0000000001,0.0493219715950054,0.0391625708790301,0.937021523436605,0.0656946604887202,2687.24595116441,0.125,232,2,"SNETWORK (2 17 2687.24595116441 0.937021523436605 232 232)",453527.782184193,4500160.78218419
17,233,0.331254291387533,270,0,0,0.17072214580468,0.160394613030368,0.158844019730788,-0.341396358273259,-0.390923264517139,-0.231655442399623,-0.255515239172388,-0.598507869208276,-0.5891293380063,0.21152248006831,-0.598507869208276,-0.598507869208276,-0.417913119152863,0.219252925522356,0.257423645604271,0.519473119843916,0.226253970899975,0,0,0,0,0.331254291387533,0,-0.47178629537389,-0.65166284429212,-0.646217594899363,0.682042945379015,-0.616743498150481,0.332827625975602,0.661776856514996,-0.25425357999408,-0.293620089826873,4.12045231928616,0.0399851093800356,326.0000000001,2.14762805007292,0.532465408197452,134.0000000001,0.114075602752872,2.26170365272579,0.115086857134636,-0.319157318441625,0.0211957539726446,0.98075202619832,0.727092833322571,-0.385510696559582,0.759401787624207,-0.42044073386749,0.449766763906703,-0.00770790015985192,-0.0468998010639202,-0.745300192251675,-0.7300758958231,0.0268820825421824,-0.350893658932244,0,-3.57504200799203e-15,3.06473152409782e-15,0,-3.18349622404139e-15,0.169693458278599,0.428063404466253,-0.412766428398483,0.185141747179006,0.185141747179006,3.08837841838386,0,0.0679825617875369,0.314701185738044,0.327278265230835,0.00187283374236656,0.169342260318481,0.894682058577311,4.35100568367644,326.0000000001,0.10928211663091,0.00580474040372573,0.940385755348142,0.894215327062481,2692.84782158452,0.125,233,2,"SNETWORK (2 17 2692.84782158452 0.940385755348142 233 233)",453525.235277195,4500156.23527719
17,234,0.341136081058511,271,0,0,0.17072214580468,0.160394613030368,0.158844019730788,-0.341396358273259,-0.390923264517139,-0.238469469013164,-0.255691827733654,-0.598902767762013,-0.589493902006866,0.211910651570048,-0.598902767762013,-0.598902767762013,-0.418313948114198,0.219151121655145,0.257255990958746,0.519308274338063,0.226158033612626,0,0,0,0,0.341136081058511,0,-0.520277525729817,-0.266841303546229,-0.265508521846933,0.827935175877129,-0.258002116637186,0.339967910905473,1.00677428604783,-0.254789101714611,-0.9573654110222,2.11197366359684,0.0399851093800356,183.0000000001,0.617925563915026,1.93934236733801,232.0000000001,0.719348007114552,1.33727357092958,0.0650339450079979,-0.420166038502723,-0.331667810490011,1.21239270849479,0.680582867579759,-0.776453131684182,0.907145355125014,-0.807042562021333,0.561671614665849,-0.414988476926883,-0.453331191206705,-0.36059081998051,-0.234303004580941,0.0269330078427752,-0.112797041414405,0.189287762024269,0.189287510940594,0,3.06359752825323e-15,0,0.164755976186645,0.134904627264081,0.0604294724217675,0.179480304372563,0.179480304372563,1.54283569552678,0,0.0317971298809159,0.214753722275152,0.588932568162728,-0.0956439645067324,0.0651125015477715,0.777876026972329,1.52518247530072,232.0000000001,0.0300507973469187,0.0349831475610792,0.943554776919409,1.2511955595348,2698.12464216872,0.125,234,2,"SNETWORK (2 17 2698.12464216872 0.943554776919409 234 234)",453522.211108358,4500152.21110836
17,235,0.352537869838736,273,0,0,0.17072214580468,0.160394613030368,0.158844019730788,-0.341396358273259,-0.390923264517139,-0.240359129106976,-0.257741516391203,-0.605781755879174,-0.583401519137534,0.199168646017586,-0.605781755879174,-0.605781755879174,-0.420695147180081,0.21909411378233,0.257250241127156,0.51443188957114,0.226801097834525,0,0,0,0,0.352537869838736,0,-0.507210330666967,0.225664055980299,0.225485982600437,0.855016608997725,0.224294535122438,0.350462956965343,0.589704570617977,-0.256332910424579,-0.792708445925346,0.113864898781641,0.0399851093800356,264.0000000001,0.0480607303681498,0.748777177698741,504.0000000001,0.603364438597549,0.651425168865699,0.0298999050937743,-0.13429368556638,-0.280190440198,1.08308895507358,1.27761167921716,0.203663473114607,0.517861661823169,0.200899825030693,0.261316251648319,0.433904577059282,0.393182966239274,-0.164599732461908,0.126651839804355,0.0269958909455249,0.339190637582921,0.411362100201828,0.411361554544218,3.06473152409782e-15,3.06359752825323e-15,3.18349622404139e-15,0.457074082070298,-0.509790148403994,0.979162983390053,0.545776025267486,0.545776025267486,1.29412398390517,-0.015633708287511,-0.220464914414216,-0.127514270362599,0.958213396017921,-0.434853120203771,-0.224677081690029,-1.10598677979537,-7.98903544363340e-11,504.0000000001,0.0022059498739846,0.0276939551197897,0.950257188892221,0.190681415610015,2709.28500339268,0.125,235,2,"SNETWORK (2 17 2709.28500339268 0.950257188892221 235 235)",453514.002152109,4500146.5
17,236,0.357023029673205,274,0,0,0.17072214580468,0.160394613030368,0.158844019730788,-0.344689583968922,-0.393871415525067,-0.240359129106976,-0.258487813287028,-0.608102751318129,-0.581359728005391,0.195274839357831,-0.608102751318129,-0.608102751318129,-0.418148882363038,0.218911209475169,0.257060792209507,0.512538588264562,0.226862634521006,0,0,0,0,0.357023029673205,0,-0.508125616906058,0.459391187270043,0.459928333551734,0.883911936100317,0.462664078978823,0.355750825808994,1.11171281651398,-0.257571304403306,-0.924380152149706,0.2511536121542,0.0399851093800356,577.0000000001,0.231692415030961,0.115340189395491,635.0000000001,0.11709839974247,0.348790814673431,0.0155766563770522,-0.00170640998285652,-0.149433913795995,0.879782280556298,0.606716349325601,-0.403546812534913,0.812395978557527,-0.383345664741637,0.487879529072559,-0.135918453196441,-0.166431614466418,0.643636936888583,0.46860074648277,0.026725300386836,1.05094676670239,0.122341657920309,0.122341495638325,0,3.06359752825323e-15,0,0.737285914496384,0.291222921803527,-1.90645176981085,0.963688488626646,0.963688488626646,-0.921324868907029,-0.00187019026311841,-0.561211671485802,-0.369323940427072,0.132401735304655,-0.582909582966923,0.0495056896737582,-0.427357962108123,1.29551764740387,635.0000000001,0.0103471564003012,0.00522949987675102,0.953441288391592,0.288088921908936,2714.58693062875,0.125,236,2,"SNETWORK (2 17 2714.58693062875 0.953441288391592 236 236)",453510.10604646,4500143.10604646
17,237,0.36021489413031,275,0,0,0.17072214580468,0.160394613030368,0.158844019730788,-0.346488613490563,-0.394002079628417,-0.227812193982672,-0.264023023784797,-0.631575945743234,-0.586221489133047,0.234915058797552,-0.631575945743234,-0.631575945743234,-0.423857915866083,0.221280709794901,0.258010809061365,0.509610082626336,0.230084594821325,0,0,0,0,0.36021489413031,0,-0.509076023162229,0.689431467404705,0.691550367811185,0.912701374013722,0.703452817900978,0.36127901899476,0.903237695242666,-0.26301438064089,-0.49829251746769,0.409445052551276,0.0399851093800356,1504.0000000001,0.984555128051312,0.135897857732145,901.0000000001,0.195764516503273,1.18031964445459,0.0513114156456244,-0.192514322941826,-0.0187327287882624,0.316988337461497,1.14171993835278,1.09158995803731,0.631427433635708,1.0163346614037,0.3450867776207,1.06677347762341,1.02233636020638,-0.285623241626095,-0.160589488122021,0.0265794581606822,-0.213099272906347,0.226328517280562,0.226328253708109,3.06473152409782e-15,3.06359752825323e-15,0,-0.34781103241112,0.0491576656876378,0.146757877699971,-0.324641161420223,-0.324641161420223,1.21612465783901,0,0.267940487095047,0.45308707215007,1.21395445699606,-0.00538142673625202,-0.226752258784559,0.0326507669957735,1.19254666454268,1504.0000000001,0.042801047614106,0.00851036793151847,0.9567940944549,0.0181834418326616,2720.16977557057,0.125,237,2,"SNETWORK (2 17 2720.16977557057 0.9567940944549 237 237)",453506.602661306,4500139.5
17,238,0.366902963609034,276,0,0,0.17072214580468,0.160394613030368,0.158844019730788,-0.356137921314343,-0.407172451709678,-0.227812193982672,-0.264653697217889,-0.632023526009639,-0.586135800221165,0.234589287313213,-0.632023526009639,-0.632023526009639,-0.425085464141597,0.220806347068708,0.257399474164173,0.507498428625999,0.229833316684695,0,0,0,0,0.366902963609034,0,-0.510061824160565,0.706942377242725,0.709216896996503,0.9169785153579,0.722037536631297,0.365628460800116,0.326136447504367,-0.263261222683947,-0.256800813509525,0.12275840703789,0.0399851093800356,1864.0000000001,0.365842138135587,0.156743391661546,2538.0000000001,0.636029752945263,1.00187189098085,0.0434647185355404,0.443929048303614,-0.206826346541795,0.31452106195574,0.928054849764791,0.806138661627612,0.220957995719332,0.749681814048286,0.019826400717077,0.574284162411433,0.528923456215662,0.287282132937428,0.104565995366184,0.126898166743949,0.323841526413874,0.490717222197906,0.490716571278469,0,3.06359752825323e-15,0,0.47692834175943,-0.607172710329484,1.32716635108797,0.5730984015887,0.5730984015887,1.06525343918684,0,-0.492798808052687,-0.377655485220545,0.711915474678209,-0.650047367122087,-0.622480914402215,-1.70998146035208,0.173615427613373,2538.0000000001,0.0158715157759267,0.0275932026596137,0.960534260094948,1.35981670069121,2726.39762306036,0.125,238,2,"SNETWORK (2 17 2726.39762306036 0.960534260094948 238 238)",453501.997266438,4500136.99726644
17,239,0.36941191753113,277,0,0,0.17072214580468,0.160394613030368,0.158844019730788,-0.365819718390055,-0.413266827659652,-0.217653980641335,-0.266949348514344,-0.639981922872211,-0.576613659792306,0.217797743062366,-0.639981922872211,-0.639981922872211,-0.430102438728619,0.22162601442158,0.257863323711905,0.500859560952621,0.231770753871442,0,0,0,0,0.36941191753113,0,-0.482179080236455,0.211867737254937,0.211675900386816,0.79880136073113,0.210418474651907,0.370066358992624,0.323606449109117,-0.265526730587599,-0.343019759347373,0.124028570903604,0.0399851093800356,1730.0000000001,0.343055524201,0.130428767052138,1702.0000000001,0.354919220496937,0.697974744597937,0.0320883674853155,0.515544526347763,0.420563442153978,0.214958680222161,0.336586724118433,0.162629159174314,0.321607504731068,0.160876326706659,0.099354614914234,0.0416618617233743,0.00261109079832505,0.32787762990313,0.190358940853346,0.0260604730369018,0.333176906810347,0.477971463139855,0.477970831344734,-3.06473152409782e-15,0,0,0.450520704153846,-0.506056771170692,1.28659317597103,0.536829849437288,0.536829849437288,0.528409039634749,-0.000739021792829364,-0.461099467127917,-0.440122675135925,0.109061768452097,-0.477139590643298,-1.17868525188021,-1.41134351670125,0.409964801802757,1730.0000000001,0.0157714756553736,0.0163168917299419,0.964099993939479,1.38345433945702,2732.33501961177,0.125,239,2,"SNETWORK (2 17 2732.33501961177 0.964099993939479 239 239)",453498.920213417,4500132.92021342
17,240,0.375797502180489,278,0,0,0.17072214580468,0.160394613030368,0.158844019730788,-0.357973463186148,-0.408801898752077,-0.219940854494616,-0.269493064694481,-0.648298822215143,-0.567098685898959,0.200047070018406,-0.648298822215143,-0.648298822215143,-0.435636192748989,0.222580447627487,0.258847572977686,0.499459677113048,0.233101074166308,0,0,0,0,0.375797502180489,0,-0.432629353935324,0.23999921121325,0.239838818429927,0.699344725134168,0.238735302321895,0.376503600696392,0.221513000110206,-0.266083171125338,-0.220347445502608,5.83778438300639,0.0399851093800356,1581.0000000001,14.7562666653982,0.436332691809485,3491.0000000001,2.43536565250844,17.1916323178066,0.787757161391363,0.451384433576422,0.491160170264354,0.0555402259272243,0.333993741665889,0.37785450128878,0.234443468473755,0.371158259950123,0.0287614646277551,0.38073296356245,0.337394284021119,-0.717810648859337,-0.772177617912639,0.126627034140113,-0.369718915056536,0.176405665221906,0.176405431225887,0,0,0,0.0633026014077677,0.267569171902347,-0.59805677809971,0.0668395278558958,0.0668395278558958,0.262968869186584,-0.0220507000645878,0.584876161025443,0.811978025084949,1.33027859613304,0.284931289682338,-0.331922310640001,0.541738020023459,-7.98903544363340e-11,3491.0000000001,0.67616352680723,0.111593634484133,0.967873099206242,0.61850064585451,2738.61771573429,0.125,240,2,"SNETWORK (2 17 2738.61771573429 0.967873099206242 240 240)",453496.5,4500127.64000252
17,241,0.388566815744057,280,0,0,0.17072214580468,0.160394613030368,0.158844019730788,-0.357973463186148,-0.408801898752077,-0.220077876982729,-0.270172089757443,-0.64851490373419,-0.567627094670145,0.201299458229421,-0.64851490373419,-0.64851490373419,-0.432944186228467,0.221763405393428,0.257774397826334,0.4964009614573,0.232583056655348,0,0,0,0,0.388566815744057,0,-0.447948387936007,0.161050882797491,0.1608359234882,0.721673938612461,0.159492635512686,0.386271385789569,0.443778839418239,-0.268762871609713,-0.437126380616429,1.71304041363383,0.0399851093800356,1330.0000000001,3.64263641098412,0.141450752802824,3999.0000000001,0.904384772989054,4.54702118387317,0.210292312062428,-0.00565047193544622,0.199008997877768,0.27987777792804,0.0618179097410058,-0.288413544109243,0.424482804063045,-0.284041691316313,0.178994570828624,-0.240307569860874,-0.273783665559696,0.435521740567879,0.196352797460779,0.126347762312618,0.327004818323146,0.980473565302218,0.980473539401057,0,-3.06359752825323e-15,0,0.605199879300244,-0.519048484473393,1.55637601694908,0.757803957647622,0.757803957647622,-0.573888773959534,-0.00230719595745488,-0.250221965240898,-0.219863660648562,0.612680576394996,-0.383767763300055,-0.746951186028112,-1.87467410527111,-7.98903544363340e-11,3999.0000000001,0.168465991585218,0.0418263203772094,0.9742588206783,0.0937684410018846,2749.25074733439,0.125,241,2,"SNETWORK (2 17 2749.25074733439 0.9742588206783 241 241)",453491.5,4500119.07803873
17,242,0.392747787035834,281,0,0,0.17072214580468,0.160394613030368,0.158844019730788,-0.354962047002688,-0.407184872181203,-0.220411161859776,-0.273499943239391,-0.661628086694001,-0.555124688591202,0.173649040574699,-0.661628086694001,-0.661628086694001,-0.437015444333136,0.221569532667951,0.257652454131532,0.489609904202599,0.233347812990863,0,0,0,0,0.392747787035834,0,-0.465264600764706,0.143478368243142,0.143265527089975,0.755425828245412,0.141949840889209,0.390727937738332,0.288082466160405,-0.27238601075018,-0.484925568142655,0.332764562789427,0.0399851093800356,1062.0000000001,0.565012637752819,0.190868788131468,5020.0000000001,1.53191690107837,2.09692953873119,0.0971796928526741,-0.204504424850997,-0.0226206853714162,0.628694671600351,0.457157811626125,-0.252210014222097,0.307879483550211,-0.248824408706121,0.083492481146847,-0.21202783206291,-0.241435894160816,0.342619076942114,0.286627910520112,0.025582410641928,0.380796230313915,0.936484122429309,0.93648403817763,-3.06473152409782e-15,-3.06359752825323e-15,0,0.278731934047201,-0.535705072370314,0.795171189136007,0.31460445263296,0.31460445263296,-0.441348383405127,-0.00139563261113318,-0.315685867057395,-0.255581548691227,0.500396866471185,-0.423069001004086,-0.522509617387568,-2.21842745219198,0.985182007389073,5020.0000000001,0.0261848352636212,0.0709948574890528,0.977550186879577,0.359408361138776,2754.7312871573,0.125,242,2,"SNETWORK (2 17 2754.7312871573 0.977550186879577 242 242)",453488.5,4500114.84013959
17,243,0.39662456978492,282,0,0,0.17072214580468,0.160394613030368,0.158844019730788,-0.345569284447059,-0.402272300499134,-0.20461064120228,-0.276129851455384,-0.667150014380407,-0.546093748168841,0.162682172447877,-0.667150014380407,-0.667150014380407,-0.441673936755226,0.221877149578374,0.257680598757116,0.483982144598224,0.234532178009861,0,0,0,0,0.39662456978492,0,-0.496014011130354,0.0911698785549988,0.0909942027151142,0.815094175179363,0.0899339245132327,0.393465301654125,0.64576695626619,-0.27484815553559,-1.12317968656704,0.098657811299728,0.0399851093800356,629.0000000001,0.0992153106518382,0.178390145477316,4737.0000000001,1.35104812400246,1.4502634345543,0.0676244933757368,-0.145230575756218,-0.218645885943259,0.436682017678457,0.297585392710636,-0.196599623906145,0.586544130389997,-0.19509132039885,0.30186643780719,-0.338458120183326,-0.370285685827343,-0.270908733215591,-0.243793750039568,0.0253889586303149,-0.236829755800817,0.668970084152184,0.668969645052117,3.06473152409782e-15,3.06359752825323e-15,3.18349622404139e-15,-0.32207949965,0.235900563198533,-0.158347560590533,-0.302906562793169,-0.302906562793169,1.87457896952531,-0.00566484274419132,0.333819110953518,0.497543470311274,0.978611193797498,0.11572551970558,0.251544350747154,0.875446339333555,0.632128067055681,4737.0000000001,0.00462632163361928,0.0629981716421175,0.980654196037511,0.395878914690605,2759.89985387412,0.125,243,2,"SNETWORK (2 17 2759.89985387412 0.980654196037511 243 243)",453486.5,4500110.5
17,244,0.402705813869764,284,0,0,0.17072214580468,0.160394613030368,0.158844019730788,-0.345569284447059,-0.402272300499134,-0.20461064120228,-0.277031714464705,-0.668003301646654,-0.546960077944433,0.164246860519296,-0.668003301646654,-0.668003301646654,-0.441566801939074,0.220793733548859,0.256263941731665,0.479874224287708,0.233855071370893,0,0,0,0,0.402705813869764,0,-0.540681677222397,-0.192769998835855,-0.191930431824152,0.882620564975049,-0.18715665770326,0.400564951210334,0.7678933149786,-0.275766491611031,-1.01423606687949,0.221413721112164,0.0399851093800356,632.0000000001,0.22372688900421,0.112322817263685,5905.0000000001,1.06043600278907,1.28416289169328,0.0619096835688225,-0.182000465923498,-0.149755290673214,0.0130581993023907,0.462378761432017,0.614836781639074,0.732972428736051,0.63341168874607,0.414324302555787,0.775203913672953,0.72072824076624,0.156741251584569,0.143965051696023,0.0253387006673692,0.291567451696069,1,0.999999999999998,3.06473152409782e-15,0,0,0.516759652656617,-0.620737274390556,1.17049416624277,0.628917881341091,0.628917881341091,0.460459441596573,0,-0.00426290095263418,0.00900689754735574,0.540620999554146,-0.120462227749221,-1.05526689609103,0.388625451275948,0.423678817037305,5905.0000000001,0.0107859064969079,0.0511237769719146,0.987630545405733,1.40135252810579,2771.51635540965,0.125,244,2,"SNETWORK (2 17 2771.51635540965 0.987630545405733 244 244)",453478.821426897,4500103.8214269
17,245,0.403769150110416,285,0,0,0.17072214580468,0.160394613030368,0.158844019730788,-0.337672706307481,-0.396198609479359,-0.213166570540635,-0.278679874369852,-0.673288751401044,-0.541227760338548,0.154143414323863,-0.673288751401044,-0.673288751401044,-0.445152696887807,0.219765692575856,0.255233161272211,0.476016146354854,0.233207300987919,0,0,0,0,0.403769150110416,0,-0.595425037519824,0.065861763583031,0.0657206941566329,1.04549760124583,0.0648766566636391,0.405959577618004,0.0144798205826583,-0.276113743976688,0.434701529927248,2.82513354479644,0.0399851093800356,1083.0000000001,4.89174728964297,0.0928972889776284,4078.0000000001,0.605685024325799,5.49743231386876,0.257102846393242,0.886179093804089,-0.196462052040309,0.142380677698451,0.789341084675418,0.856171496028407,0.0952756998586276,0.856337677968338,-0.0920355157318461,1.51741231224646,1.45069001851962,-0.0448361062112842,0.0474827787969778,0.0252167680511383,0.179566061238087,0.999999999999999,0.999999999999998,0,0,-3.18349622404139e-15,0.282085861373263,-0.428644616269138,0.884058320231328,0.318724416618317,0.318724416618317,0.287486659896642,0,0.15944350847209,0.126398829416787,0.726670355179431,0,-1.16870141844335,-0.654283309738383,0.798854051642794,4078.0000000001,0.228776286765511,0.0283265595277312,0.99098803899225,1.74841564371388,2777.10700566879,0.125,245,2,"SNETWORK (2 17 2777.10700566879 0.99098803899225 245 245)",453475.282453749,4500100.28245375
17,246,0.413498617477314,286,0,0,0.17072214580468,0.160394613030368,0.158844019730788,-0.337672706307481,-0.396198609479359,-0.213166570540635,-0.279682645128468,-0.675706567781765,-0.538082768539569,0.148706086270142,-0.675706567781765,-0.675706567781765,-0.447349245603376,0.218751057314135,0.254292153406258,0.47279943867363,0.232481627688197,0,0,0,0,0.413498617477314,0,-0.655416173387227,2.33095629309936,2.36826057979161,1.4991081304106,2.61438921198886,0.41003627125759,0.147089925148769,-0.277760054890976,-0.447654110785089,0.323835134197274,0.0399851093800356,1166.0000000001,0.603697100936339,0.118626409861307,3076.0000000001,0.583397135544621,1.18709423638096,0.0426193792761784,-0.432808568713541,0.856522358741135,-0.243615433748438,0.0171714366050707,0.377372932272798,-0.240960204984427,0.295505251468705,-0.377228450454724,1.36162464218404,1.29694023001934,-0.668400339761755,-0.763225448766993,-1.42045371539491,-0.372248776107297,0.999999999999999,0.999999999999996,0,-3.06359752825323e-15,-3.18349622404139e-15,0.310471845748867,0.168770233336127,-1.39549999873934,0.353932631318769,0.353932631318769,1.3612908183144,0,0.253314941434802,0.39985041731048,1.10044052267207,0.00654177637518102,0.176750314164114,1.33989236994169,-7.98903544363340e-11,3076.0000000001,0.0216740970192142,0.0209452821569642,0.994998106238446,1.11706727230921,2783.78427337204,0.125,246,2,"SNETWORK (2 17 2783.78427337204 0.994998106238446 246 246)",453472.5,4500094.75771613
17,247,0.413803110063651,287,0,0,0.17072214580468,0.160394613030368,0.158844019730788,-0.342526662486962,-0.400265232464288,-0.213166570540635,-0.279941221236036,-0.676154363974306,-0.538208187802486,0.150242262670391,-0.676154363974306,-0.676154363974306,-0.447909050262432,0.218529777440175,0.254000506628386,0.471920196404774,0.232348655823222,0,0,0,0,0.413803110063651,0,-0.46555929223862,5.51260272448229,5.72196302124505,1.40189868664773,7.48703349635467,0.414849285278871,-0.248718949966662,-0.278726504245997,0.544121748431194,0.185702307408115,0.0399851093800356,2929.0000000001,0.869627462390537,0.0938877996306324,7590.0000000001,1.13932469544075,2.00895215773129,0.0499477011389905,-1.14477730763481,-0.443702340370612,-0.212842497994867,0.153082856476153,0.528805438102827,-1.10960836127933,0.292287705749779,-1.20018670035134,1.01407060819024,0.95404413982074,2.13667643511907,1.10992294207342,-0.282861468417377,1.54042660023367,0.500000183398947,0.499999520165982,0,0,0,-0.674540697398303,0.372693880691476,-0.800634318010421,-0.572955609300823,-0.572955609300823,-0.137414090302169,-0.00567679214009054,-1.37503434135617,-1.43903951517682,-0.777342246899934,-1.18530475457964,-0.229645348184296,-0.3392483898815,1.78725124289821,7590.0000000001,0.0216211681979515,0.0283265328410389,0.998301373634357,1.83750876503006,2789.28463018497,0.125,247,2,"SNETWORK (2 17 2789.28463018497 0.998301373634357 247 247)",453469.5,4500090.5
